4.94000e-01
1.75357e+00
9.50143e-01
-7.22571e-01
7.81286e-01
8.80000e-01
1.46714e+00
4.32571e-01
1.56700e+00
3.66571e+00
1.31757e+00
-3.97143e-01
6.81571e-01
9.70000e-01
-1.68400e+00
-9.91143e-01
-4.15429e-01
-1.01886e+00
-8.52857e-01
-2.80143e-01
-6.11857e-01
3.09257e+00
1.88071e+00
2.00186e+00
5.97571e-01
-1.16971e+00
-3.95571e-01
-2.16857e+00
-2.45100e+00
6.00429e-01
3.09714e-01
1.58114e+00
7.61143e-01
8.08000e-01
-1.03971e+00
-2.70329e+00
-2.15500e+00
-4.78929e+00
-2.00771e+00
-1.01657e+00
7.32286e-01
9.15857e-01
-3.37457e+00
-3.60971e+00
-2.06557e+00
-1.87129e+00
-1.35614e+00
-1.89357e+00
-1.01357e+00
-1.15714e-01
3.74143e-01
8.97143e-02
-1.78871e+00
6.22714e-01
1.13114e+00
4.66714e-01
1.79843e+00
1.62614e+00
3.17429e-01
-3.35714e-01
-1.09671e+00
-2.14929e+00
-1.30929e+00
-3.24429e-01
-1.07014e+00
-5.50429e-01
-1.98143e-01
3.34000e-01
-1.36486e+00
-1.04486e+00
-1.27571e+00
-1.01814e+00
-2.45000e-01
1.38571e-02
1.14900e+00
5.00571e-01
5.43429e-01
-2.11286e-01
-7.23571e-01
-4.20143e-01
3.00571e-01
-4.17000e-01
2.78857e-01
2.13614e+00
1.38200e+00
1.54614e+00
1.22371e+00
2.23929e+00
2.54557e+00
4.85214e+00
1.61586e+00
3.12514e+00
4.81857e-01
5.43000e-01
-6.05714e-01
-6.49857e-01
3.04286e-02
-2.22271e+00
-1.91800e+00
1.17671e+00
5.12857e-01
1.51429e+00
8.80857e-01
1.05671e+00
8.37714e-01
-3.79000e-01
-2.48571e-02
1.91257e+00
4.47000e-01
6.99714e-01
2.93571e-01
1.23214e+00
1.70500e+00
1.80086e+00
3.96429e-01
-2.90714e-01
1.60743e+00
1.62743e+00
-7.52429e-01
1.14129e+00
-4.35429e-01
5.62571e-01
-2.71857e-01
3.28571e-02
3.46414e+00
2.23086e+00
1.78371e+00
1.65286e+00
-5.14714e-01
-1.49714e-01
1.15400e+00
3.38714e-01
1.79429e+00
5.32143e-01
-6.97571e-01
1.97943e+00
1.48229e+00
5.96000e-01
2.18000e+00
1.50586e+00
2.66757e+00
4.58657e+00
4.23757e+00
2.75300e+00
1.21986e+00
5.87857e-01
1.45414e+00
7.92000e-01
1.43000e+00
1.12786e+00
-1.09071e+00
4.08714e-01
-8.67714e-01
-1.08529e+00
-2.77229e+00
-1.70857e-01
1.96071e+00
5.71286e-01
-5.55429e-01
1.75500e+00
3.61314e+00
2.53043e+00
2.18443e+00
2.21143e-01
-1.49857e-01
1.25886e+00
1.43286e-01
3.04286e-01
3.42571e-01
-8.02714e-01
-4.54286e-01
-5.18286e-01
-1.00514e+00
-9.38857e-01
-4.64571e-01
-3.30000e-02
-1.99557e+00
-3.40800e+00
-2.89771e+00
-1.46900e+00
-9.89143e-01
-4.27143e-02
-6.98571e-01
-2.63029e+00
1.39729e+00
1.43857e-01
1.65286e-01
-1.00729e+00
-6.89286e-01
-1.88357e+00
-1.73600e+00
-1.36557e+00
-2.46700e+00
-1.83186e+00
-8.51857e-01
1.27714e+00
1.12286e-01
1.28000e-01
-7.68571e-01
2.39429e-01
-1.42200e+00
-2.06129e+00
5.31429e-01
-8.86000e-01
3.87286e-01
1.08743e+00
-4.83571e-01
-3.52700e+00
-2.53414e+00
-1.87900e+00
-2.09300e+00
-1.05671e+00
-3.37457e+00
-3.22857e-02
3.28571e-02
1.33114e+00
2.03586e+00
1.22114e+00
9.87714e-01
-6.46429e-01
-3.17571e-01
8.34143e-01
1.32143e+00
5.56000e-01
-3.40000e-02
-3.56143e-01
7.80429e-01
1.46329e+00
1.26543e+00
-5.67286e-01
1.07786e+00
1.76100e+00
1.49171e+00
1.99329e+00
2.56714e-01
1.12286e-01
1.24229e+00
-2.62457e+00
-1.29171e+00
-1.13314e+00
-1.02900e+00
-1.04643e+00
-1.10814e+00
-2.26629e+00
-4.35171e+00
-2.98800e+00
-2.16686e+00
1.60571e-01
6.55714e-01
-1.22857e-01
1.61514e+00
9.86429e-01
1.29571e-01
-8.50000e-02
-6.65429e-01
-9.03857e-01
-1.58829e+00
-1.49814e+00
-1.08871e+00
1.82014e+00
1.32557e+00
1.35029e+00
1.43443e+00
-1.30929e+00
-1.50114e+00
-4.45571e-01
-2.37300e+00
-1.45057e+00
-1.26943e+00
-1.68429e+00
-1.22471e+00
-2.15900e+00
-1.03714e+00
1.61300e+00
-2.06757e+00
2.67571e-01
-6.78429e-01
4.25286e-01
6.79857e-01
1.72057e+00
1.05743e+00
5.95714e-01
-5.98571e-02
2.22286e-01
-2.77143e-01
-6.92000e-01
-1.55457e+00
-2.09900e+00
-2.54157e+00
8.34714e-01
1.17443e+00
8.75143e-01
-4.35429e-01
7.66286e-01
3.91571e-01
7.77571e-01
1.21000e+00
2.69114e+00
3.78057e+00
7.32143e-01
-2.55714e-02
-2.93643e+00
6.90857e-01
8.40714e-01
4.09143e-01
-7.98286e-01
-1.53029e+00
-1.98843e+00
-1.68700e+00
-1.88957e+00
-2.56371e+00
-1.18914e+00
1.63071e+00
-3.09143e-01
-6.19571e-01
-6.49714e-01
1.80043e+00
2.28714e-01
3.11429e-02
1.05814e+00
1.54300e+00
3.39229e+00
2.00271e+00
1.71057e+00
3.83957e+00
3.18129e+00
2.03557e+00
-1.30429e-01
7.66571e-01
-3.78000e-01
-1.56329e+00
-2.58429e-01
-6.03286e-01
8.91286e-01
7.54286e-01
3.40000e-02
2.01771e+00
-1.13657e+00
-6.98286e-01
5.34429e-01
3.36129e+00
1.77186e+00
-1.63000e-01
8.62143e-01
5.62143e-01
-1.21400e+00
-2.86714e-01
8.61000e-01
2.03171e+00
8.23571e-01
-1.75214e+00
1.38214e+00
1.87914e+00
8.00143e-01
7.12857e-01
2.12429e-01
9.11429e-02
9.21857e-01
4.84857e-01
-7.82000e-01
-2.41757e+00
-4.18500e+00
-5.04843e+00
-4.44757e+00
-4.43943e+00
-1.09514e+00
-1.42257e+00
-1.87257e+00
2.02614e+00
3.95429e-01
-3.80857e-01
-3.07557e+00
-1.02757e+00
-1.34800e+00
-3.54214e+00
-3.79943e+00
-2.90857e+00
-2.92157e+00
-2.19729e+00
-1.67286e+00
2.09286e-01
1.01471e+00
3.96143e-01
1.12929e+00
2.61729e+00
3.22157e+00
2.13443e+00
8.81429e-01
1.98643e+00
2.65914e+00
8.07000e-01
1.08043e+00
-1.05857e-01
-2.30357e+00
-1.42357e+00
1.31643e+00
1.08500e+00
-6.40286e-01
-1.93129e+00
-2.48771e+00
-1.30571e+00
-2.40171e+00
-8.15857e-01
-2.58571e-01
-6.40857e-01
-1.24000e+00
-6.94429e-01
1.43186e+00
2.86843e+00
3.23129e+00
-3.09714e-01
1.98829e+00
7.80000e-01
2.19871e+00
2.58071e+00
3.15857e-01
-1.46843e+00
2.88714e-01
-1.55486e+00
-1.07257e+00
-1.11857e-01
3.14000e-01
-1.92443e+00
-6.14571e-01
-3.95429e-01
-2.32286e-01
6.78571e-01
1.29100e+00
-4.30143e-01
1.80329e+00
2.26771e+00
3.04000e-01
1.10000e-01
1.51729e+00
1.93543e+00
1.35643e+00
1.28186e+00
2.61871e+00
1.47929e+00
5.55286e-01
1.00600e+00
2.56600e+00
-3.87143e-02
-2.96643e+00
-3.99629e+00
-9.23714e-01
2.04129e+00
-1.71443e+00
8.61714e-01
-4.46714e-01
-9.26000e-01
-1.79571e-01
1.33457e+00
1.90357e+00
3.34900e+00
1.19257e+00
9.67143e-01
4.75286e-01
1.18329e+00
1.38300e+00
2.01771e+00
6.68143e-01
-1.68643e+00
-9.30286e-01
-9.18571e-01
-1.16214e+00
7.13143e-01
9.66429e-01
-2.68571e-01
-1.15900e+00
4.24571e-01
-6.95429e-01
3.97286e-01
-2.44857e-01
-3.92857e-01
-9.05000e-01
-2.69186e+00
-1.06200e+00
8.06286e-01
5.58571e-01
-6.19286e-01
3.17000e-01
8.42857e-02
-1.10329e+00
-6.75714e-02
-1.34743e+00
-9.89286e-01
-1.24257e+00
-1.69786e+00
-1.37643e+00
5.70571e-01
1.58971e+00
4.91571e-01
-8.29571e-01
-3.54571e-01
3.32886e+00
3.75114e+00
1.88600e+00
1.01157e+00
1.67743e+00
2.11486e+00
2.38957e+00
2.27643e+00
5.50714e-01
-1.34243e+00
-2.50829e+00
-1.49557e+00
-1.67986e+00
-2.98471e+00
-1.78729e+00
-1.95529e+00
-2.77957e+00
-1.52243e+00
