2.00000e+00 1.46773e+00
5.00000e+00 9.55491e-01
8.00000e+00 1.50888e+00
1.00000e+00 1.61086e+00
4.00000e+00 1.04919e+00
8.00000e+00 4.83027e-01
3.00000e+00 8.14259e-01
3.00000e+00 1.79791e+00
4.00000e+00 1.53781e+00
4.00000e+00 6.56702e-01
7.00000e+00 1.30483e+00
1.00000e+00 9.84337e-01
8.00000e+00 1.56425e+00
6.00000e+00 1.12725e+00
8.00000e+00 5.91581e-01
5.00000e+00 1.42602e+00
7.00000e+00 2.08088e+00
7.00000e+00 1.74985e+00
7.00000e+00 1.99009e+00
2.00000e+00 7.23385e-01
1.00000e+00 1.49214e+00
3.00000e+00 3.36966e-01
1.00000e+00 1.33707e+00
3.00000e+00 1.82501e+00
2.00000e+00 9.23857e-01
2.00000e+00 1.15496e+00
1.00000e+00 2.72892e+00
1.00000e+00 2.54953e+00
2.00000e+00 1.92860e+00
3.00000e+00 1.40535e+00
3.00000e+00 2.29513e+00
4.00000e+00 1.68167e+00
4.00000e+00 1.07853e+00
7.00000e+00 4.04483e-01
5.00000e+00 1.04147e+00
7.00000e+00 5.07841e-01
7.00000e+00 1.49514e+00
8.00000e+00 8.25680e-01
1.00000e+00 1.95376e+00
2.00000e+00 2.61410e+00
3.00000e+00 1.80767e+00
5.00000e+00 1.77553e+00
6.00000e+00 1.58461e+00
7.00000e+00 8.42197e-01
5.00000e+00 1.89013e-01
5.00000e+00 7.81507e-01
2.00000e+00 2.25074e-01
1.00000e+00 7.46072e-01
2.00000e+00 1.87403e+00
3.00000e+00 3.45997e+00
4.00000e+00 2.59896e+00
6.00000e+00 1.92142e+00
7.00000e+00 1.60973e+00
4.00000e+00 2.26601e+00
5.00000e+00 1.66181e+00
7.00000e+00 1.41185e+00
1.00000e+00 1.99999e+00
1.00000e+00 3.46993e-01
2.00000e+00 1.03433e+00
7.00000e+00 3.50220e-01
1.00000e+00 1.53309e+00
2.00000e+00 1.11129e+00
3.00000e+00 1.68258e+00
4.00000e+00 7.34902e-01
3.00000e+00 1.10807e+00
4.00000e+00 1.00346e+00
4.00000e+00 1.94450e+00
4.00000e+00 2.68977e+00
6.00000e+00 1.55655e+00
6.00000e+00 9.96352e-01
3.00000e+00 6.93895e-01
4.00000e+00 1.88458e+00
5.00000e+00 1.70129e+00
6.00000e+00 1.98798e+00
8.00000e+00 1.60828e+00
8.00000e+00 5.66545e-01
1.00000e+00 6.86239e-01
2.00000e+00 2.12288e+00
3.00000e+00 1.92616e+00
6.00000e+00 2.07367e-01
6.00000e+00 5.15661e-01
2.00000e+00 6.11457e-01
5.00000e+00 9.82817e-01
8.00000e+00 1.04292e+00
7.00000e+00 1.68092e-01
7.00000e+00 3.30061e-01
7.00000e+00 5.28240e-01
1.00000e+00 1.53510e+00
1.00000e+00 1.45993e+00
2.00000e+00 2.49177e+00
3.00000e+00 1.91420e+00
5.00000e+00 1.30811e+00
8.00000e+00 5.77609e-01
8.00000e+00 8.77894e-01
6.00000e+00 6.60665e-01
6.00000e+00 1.64480e+00
8.00000e+00 2.04562e+00
7.00000e+00 1.00603e+00
8.00000e+00 1.00846e+00
2.00000e+00 1.23006e+00
3.00000e+00 1.74958e+00
3.00000e+00 2.02081e+00
4.00000e+00 1.86645e+00
5.00000e+00 1.95199e+00
6.00000e+00 2.15586e+00
3.00000e+00 1.77331e+00
5.00000e+00 8.52344e-01
7.00000e+00 2.02935e+00
8.00000e+00 1.88381e+00
7.00000e+00 1.26322e+00
1.00000e+00 2.01838e+00
3.00000e+00 1.56410e+00
5.00000e+00 1.03700e+00
7.00000e+00 8.99755e-01
5.00000e+00 3.81975e-01
5.00000e+00 5.09820e-01
2.00000e+00 1.20726e+00
4.00000e+00 1.57841e+00
7.00000e+00 6.43816e-01
7.00000e+00 1.05839e+00
8.00000e+00 1.47844e+00
1.00000e+00 3.05506e-01
7.00000e+00 1.09097e+00
8.00000e+00 1.23428e+00
8.00000e+00 2.30054e+00
2.00000e+00 2.13418e+00
3.00000e+00 1.40492e+00
6.00000e+00 4.02992e-01
7.00000e+00 2.07758e+00
8.00000e+00 1.98480e+00
8.00000e+00 2.11547e+00
1.00000e+00 1.57012e+00
8.00000e+00 1.16335e+00
2.00000e+00 1.11978e+00
7.00000e+00 7.52009e-01
1.00000e+00 1.81788e+00
2.00000e+00 8.22231e-01
8.00000e+00 7.24304e-01
3.00000e+00 6.81572e-01
7.00000e+00 5.63022e-01
7.00000e+00 2.45427e+00
1.00000e+00 2.19086e+00
3.00000e+00 2.99841e+00
4.00000e+00 2.12339e+00
7.00000e+00 2.15427e+00
2.00000e+00 2.10862e+00
5.00000e+00 1.03026e+00
1.00000e+00 5.77438e-01
2.00000e+00 1.56298e+00
4.00000e+00 1.88847e+00
4.00000e+00 1.02111e+00
6.00000e+00 8.03167e-01
6.00000e+00 6.54292e-01
6.00000e+00 8.04077e-01
8.00000e+00 6.55094e-01
2.00000e+00 5.16083e-01
4.00000e+00 1.24931e+00
2.00000e+00 3.88082e-01
1.00000e+00 1.65134e+00
2.00000e+00 1.57985e+00
2.00000e+00 4.41272e-01
3.00000e+00 1.69653e+00
4.00000e+00 1.85112e+00
5.00000e+00 2.04232e+00
5.00000e+00 1.87510e+00
7.00000e+00 1.54185e+00
3.00000e+00 1.19629e+00
3.00000e+00 1.16392e+00
4.00000e+00 1.52784e+00
4.00000e+00 1.86772e+00
6.00000e+00 1.19741e+00
4.00000e+00 1.27610e+00
4.00000e+00 7.17007e-01
5.00000e+00 1.27608e+00
6.00000e+00 1.74889e+00
6.00000e+00 1.51631e+00
7.00000e+00 1.84916e+00
7.00000e+00 2.00566e+00
8.00000e+00 1.20572e+00
1.00000e+00 4.70675e-01
1.00000e+00 7.15396e-01
1.00000e+00 8.60449e-01
2.00000e+00 1.15554e+00
4.00000e+00 5.46113e-01
5.00000e+00 1.39109e+00
6.00000e+00 2.27081e+00
8.00000e+00 2.73364e+00
2.00000e+00 7.10836e-01
2.00000e+00 7.64479e-01
3.00000e+00 1.47813e+00
5.00000e+00 2.33548e+00
6.00000e+00 2.34672e+00
7.00000e+00 3.44549e+00
8.00000e+00 1.87941e+00
1.00000e+00 1.72035e+00
3.00000e+00 4.94786e-01
5.00000e+00 9.49805e-01
1.00000e+00 6.85962e-01
1.00000e+00 1.20090e+00
3.00000e+00 1.33359e+00
4.00000e+00 7.28657e-01
1.00000e+00 1.06991e+00
2.00000e+00 1.18673e+00
2.00000e+00 7.50182e-01
4.00000e+00 1.28774e+00
5.00000e+00 7.67842e-01
7.00000e+00 1.34083e+00
8.00000e+00 1.33690e+00
4.00000e+00 6.96964e-01
7.00000e+00 8.55118e-01
6.00000e+00 2.61453e-01
5.00000e+00 8.92586e-01
5.00000e+00 2.32665e+00
6.00000e+00 1.96220e+00
6.00000e+00 1.62230e+00
2.00000e+00 8.69626e-01
5.00000e+00 9.03014e-01
7.00000e+00 8.79326e-01
7.00000e+00 2.70872e-01
8.00000e+00 7.03468e-01
8.00000e+00 1.42840e+00
1.00000e+00 1.90469e+00
4.00000e+00 1.32799e+00
6.00000e+00 1.31658e+00
6.00000e+00 2.44962e+00
7.00000e+00 1.61352e+00
8.00000e+00 5.74281e-01
3.00000e+00 6.38965e-01
4.00000e+00 1.07992e+00
5.00000e+00 1.04290e+00
6.00000e+00 1.23201e+00
7.00000e+00 1.27188e+00
1.00000e+00 4.48080e-01
4.00000e+00 7.84407e-01
5.00000e+00 5.99890e-01
8.00000e+00 6.51272e-01
2.00000e+00 5.01707e-01
7.00000e+00 1.08410e+00
2.00000e+00 1.05091e+00
3.00000e+00 2.16718e+00
5.00000e+00 1.52156e+00
5.00000e+00 1.75868e+00
7.00000e+00 1.24496e+00
1.00000e+00 7.81678e-01
4.00000e+00 8.43158e-01
2.00000e+00 8.08535e-01
2.00000e+00 1.63335e+00
3.00000e+00 1.62045e+00
2.00000e+00 2.74711e+00
3.00000e+00 2.43732e+00
3.00000e+00 9.36157e-01
4.00000e+00 6.39610e-01
4.00000e+00 1.00287e+00
7.00000e+00 1.03721e+00
5.00000e+00 1.01490e+00
6.00000e+00 2.18866e+00
7.00000e+00 1.90840e+00
8.00000e+00 1.78052e+00
7.00000e+00 1.43321e+00
8.00000e+00 1.10051e+00
2.00000e+00 1.86201e+00
3.00000e+00 2.76501e+00
4.00000e+00 1.52498e+00
2.00000e+00 2.34341e+00
3.00000e+00 2.02668e+00
3.00000e+00 2.59184e+00
5.00000e+00 2.25554e+00
6.00000e+00 1.81403e+00
8.00000e+00 1.16351e+00
1.00000e+00 2.05286e+00
3.00000e+00 2.54081e+00
4.00000e+00 1.87556e+00
5.00000e+00 5.70931e-01
7.00000e+00 9.75329e-01
8.00000e+00 4.64182e-01
2.00000e+00 3.35016e-01
1.00000e+00 3.04955e-01
3.00000e+00 6.92069e-01
3.00000e+00 1.46786e-01
8.00000e+00 5.30533e-01
2.00000e+00 6.44343e-01
3.00000e+00 1.49813e+00
4.00000e+00 1.96901e+00
5.00000e+00 2.17523e+00
7.00000e+00 2.04652e+00
7.00000e+00 2.01413e+00
8.00000e+00 2.83663e+00
1.00000e+00 1.75231e+00
2.00000e+00 2.45344e+00
3.00000e+00 1.19389e+00
8.00000e+00 3.31418e-01
4.00000e+00 4.59163e-01
2.00000e+00 7.37544e-01
4.00000e+00 9.52106e-01
6.00000e+00 5.60322e-01
5.00000e+00 4.68018e-01
4.00000e+00 5.86965e-01
3.00000e+00 9.84543e-01
4.00000e+00 2.10827e+00
6.00000e+00 1.29093e+00
6.00000e+00 1.48459e+00
7.00000e+00 1.24773e-01
4.00000e+00 1.58413e+00
6.00000e+00 1.00708e+00
6.00000e+00 7.70716e-01
1.00000e+00 1.21538e+00
6.00000e+00 2.40904e-01
2.00000e+00 2.18387e-01
3.00000e+00 5.63427e-01
4.00000e+00 9.91456e-01
1.00000e+00 4.92761e-01
1.00000e+00 1.21155e+00
2.00000e+00 9.73982e-01
4.00000e+00 1.44179e+00
6.00000e+00 2.32216e+00
7.00000e+00 2.32211e+00
1.00000e+00 8.09838e-01
1.00000e+00 1.78272e+00
2.00000e+00 1.74400e+00
4.00000e+00 1.16094e+00
5.00000e+00 6.05762e-01
2.00000e+00 9.23882e-01
3.00000e+00 2.25956e+00
3.00000e+00 2.53738e+00
5.00000e+00 2.57887e+00
6.00000e+00 1.38334e+00
6.00000e+00 8.34431e-01
7.00000e+00 1.19233e-01
6.00000e+00 1.11585e+00
4.00000e+00 8.65654e-01
5.00000e+00 9.40907e-01
6.00000e+00 1.65438e+00
7.00000e+00 2.73969e+00
1.00000e+00 2.42767e+00
3.00000e+00 2.05253e+00
3.00000e+00 2.47475e+00
4.00000e+00 1.48375e+00
5.00000e+00 1.57275e+00
7.00000e+00 2.10020e+00
7.00000e+00 2.19601e+00
8.00000e+00 9.24197e-01
3.00000e+00 1.31185e+00
2.00000e+00 2.11157e-01
4.00000e+00 1.32469e+00
5.00000e+00 1.36176e+00
6.00000e+00 1.62934e+00
6.00000e+00 1.22276e+00
5.00000e+00 6.01188e-01
7.00000e+00 1.34380e+00
5.00000e+00 5.50317e-01
5.00000e+00 1.18262e+00
7.00000e+00 1.28537e+00
7.00000e+00 2.27455e+00
1.00000e+00 1.56701e+00
3.00000e+00 6.32864e-01
2.00000e+00 2.21806e+00
3.00000e+00 2.28958e+00
4.00000e+00 1.80508e+00
6.00000e+00 1.38252e+00
7.00000e+00 1.25436e+00
8.00000e+00 5.88136e-01
6.00000e+00 9.78861e-01
1.00000e+00 1.72946e+00
3.00000e+00 2.07745e+00
4.00000e+00 1.05356e+00
4.00000e+00 8.89342e-01
6.00000e+00 1.14767e+00
7.00000e+00 2.17671e+00
1.00000e+00 1.36708e-01
7.00000e+00 1.23320e+00
1.00000e+00 6.52661e-01
2.00000e+00 4.94870e-01
3.00000e+00 7.77825e-01
4.00000e+00 1.23975e+00
6.00000e+00 7.92529e-01
5.00000e+00 6.75280e-01
5.00000e+00 5.62359e-01
7.00000e+00 5.36459e-01
6.00000e+00 2.40347e+00
7.00000e+00 2.54458e+00
8.00000e+00 1.78588e+00
3.00000e+00 1.49937e+00
6.00000e+00 1.10366e+00
8.00000e+00 1.01200e+00
2.00000e+00 1.94267e+00
3.00000e+00 2.00729e+00
5.00000e+00 1.77289e+00
4.00000e+00 6.65953e-01
4.00000e+00 1.35389e+00
5.00000e+00 1.67806e+00
6.00000e+00 1.07849e+00
6.00000e+00 8.84028e-01
5.00000e+00 5.48910e-01
5.00000e+00 1.43778e+00
2.00000e+00 9.75411e-01
5.00000e+00 7.16355e-01
5.00000e+00 3.86330e-01
6.00000e+00 8.45083e-01
2.00000e+00 8.48614e-01
3.00000e+00 5.98829e-01
1.00000e+00 1.32109e+00
2.00000e+00 8.09561e-01
3.00000e+00 8.23860e-01
4.00000e+00 9.87885e-01
5.00000e+00 2.24917e+00
7.00000e+00 2.21801e+00
7.00000e+00 2.20279e+00
8.00000e+00 2.07664e+00
2.00000e+00 8.87276e-01
3.00000e+00 8.30470e-01
4.00000e+00 2.15083e-01
5.00000e+00 9.80233e-01
3.00000e+00 1.02273e+00
3.00000e+00 1.48595e+00
4.00000e+00 1.35350e+00
5.00000e+00 7.27310e-01
5.00000e+00 4.35480e-01
8.00000e+00 8.99000e-02
5.00000e+00 1.27664e+00
6.00000e+00 2.25639e+00
6.00000e+00 1.14883e+00
4.00000e+00 3.19065e-01
1.00000e+00 1.40326e+00
3.00000e+00 1.33158e+00
3.00000e+00 2.06492e+00
5.00000e+00 1.82040e+00
7.00000e+00 1.03304e+00
3.00000e+00 9.15199e-01
3.00000e+00 1.50072e+00
5.00000e+00 1.63144e+00
6.00000e+00 2.70271e+00
7.00000e+00 1.50059e+00
7.00000e+00 1.43264e+00
6.00000e+00 6.41190e-01
3.00000e+00 2.09917e+00
4.00000e+00 1.57032e+00
2.00000e+00 1.02427e+00
4.00000e+00 1.16337e+00
5.00000e+00 5.62410e-01
4.00000e+00 1.31273e+00
5.00000e+00 2.43569e+00
6.00000e+00 2.87975e+00
7.00000e+00 2.11554e+00
8.00000e+00 2.74167e+00
2.00000e+00 1.64475e+00
2.00000e+00 1.01303e+00
4.00000e+00 1.16165e+00
5.00000e+00 1.24916e+00
7.00000e+00 2.37875e+00
1.00000e+00 1.73818e+00
3.00000e+00 1.06893e+00
1.00000e+00 5.51095e-01
4.00000e+00 8.27559e-01
6.00000e+00 5.84159e-01
5.00000e+00 8.30468e-01
3.00000e+00 1.89803e-01
5.00000e+00 6.46348e-01
6.00000e+00 4.85619e-01
1.00000e+00 2.20089e+00
3.00000e+00 1.58305e+00
1.00000e+00 8.98303e-01
5.00000e+00 6.10103e-01
6.00000e+00 4.13372e-01
3.00000e+00 6.57776e-01
5.00000e+00 1.37219e+00
7.00000e+00 1.81123e+00
7.00000e+00 1.90360e+00
8.00000e+00 1.78720e+00
1.00000e+00 1.38774e+00
2.00000e+00 1.71530e+00
2.00000e+00 1.62268e+00
4.00000e+00 1.77874e+00
5.00000e+00 2.53828e+00
2.00000e+00 1.77218e+00
4.00000e+00 1.83076e+00
5.00000e+00 1.27550e+00
6.00000e+00 1.50428e+00
8.00000e+00 1.18145e+00
3.00000e+00 1.78324e+00
4.00000e+00 2.23250e+00
5.00000e+00 2.48663e+00
5.00000e+00 2.83037e+00
7.00000e+00 1.92221e+00
8.00000e+00 1.15036e+00
4.00000e+00 1.34514e+00
6.00000e+00 1.80507e+00
5.00000e+00 1.88173e+00
6.00000e+00 2.56345e+00
8.00000e+00 1.22397e+00
2.00000e+00 7.14041e-01
1.00000e+00 7.58809e-01
2.00000e+00 8.89948e-01
2.00000e+00 1.30711e+00
5.00000e+00 4.06048e-01
7.00000e+00 1.51861e+00
1.00000e+00 2.72292e-01
4.00000e+00 3.33518e+00
6.00000e+00 3.18337e+00
7.00000e+00 1.11948e+00
5.00000e+00 8.64400e-01
8.00000e+00 1.27511e+00
1.00000e+00 1.22050e+00
3.00000e+00 1.33976e+00
4.00000e+00 8.47454e-01
4.00000e+00 1.03197e+00
5.00000e+00 1.54132e+00
5.00000e+00 1.02502e+00
1.00000e+00 1.92916e-01
3.00000e+00 6.47235e-01
3.00000e+00 1.33380e+00
4.00000e+00 9.56964e-01
6.00000e+00 1.81569e+00
