1.75903e+00
2.04494e+00
1.85890e+00
2.30412e+00
1.95329e+00
2.15842e+00
2.43065e+00
2.64002e+00
2.56817e+00
2.25871e+00
2.20688e+00
2.08440e+00
2.18994e+00
-5.45091e-01
-8.56946e-01
-1.45459e+00
-1.35579e+00
-7.44294e-01
-7.39738e-01
-1.11756e+00
-1.48843e+00
-1.45195e+00
-8.88686e-01
-8.69365e-01
-1.21178e+00
-1.23361e+00
-9.92876e-01
-1.12168e+00
-1.20834e+00
-1.12808e+00
-1.11850e+00
-1.19311e+00
-1.60142e+00
-1.65924e+00
-1.47172e+00
-1.06803e+00
-1.24500e+00
-1.42308e+00
-1.64571e+00
-6.42595e-01
-1.26692e-01
-3.76135e-01
-6.75258e-01
-4.98189e-01
-2.30893e-01
-2.97698e-01
-6.64821e-01
-7.95257e-01
-7.30084e-01
-6.34366e-01
-7.33971e-01
-8.17275e-01
-2.29186e-01
8.54075e-01
6.74285e-01
6.39318e-01
9.50592e-01
8.86494e-01
8.70287e-01
9.23701e-01
1.04508e+00
9.94440e-01
9.92377e-01
9.47618e-01
8.97999e-01
8.86851e-01
9.05707e-01
9.80795e-01
1.16684e+00
1.32243e+00
1.08335e+00
9.08292e-01
6.94451e-01
7.68460e-01
7.70357e-01
8.99604e-01
5.54029e-01
6.83252e-01
-7.83261e-02
-2.30139e+00
-1.72340e+00
-1.83587e+00
-2.27092e+00
-2.38416e+00
-2.12048e+00
-1.90213e+00
-1.60999e+00
-1.87448e+00
-2.26335e+00
-2.14976e+00
-2.07578e+00
-1.85492e+00
-4.05180e-01
-6.37587e-01
-4.21482e-01
-2.32307e-01
-6.21967e-02
-5.11026e-02
-1.52867e-01
-1.76523e-01
-3.43864e-02
-5.40663e-02
-1.09748e-01
-1.79406e-01
-2.84263e-01
2.51196e-01
1.19962e-01
8.82573e-02
2.06440e-02
1.33718e-01
3.12445e-01
1.50977e-01
3.96102e-01
3.90347e-01
3.53122e-01
3.80698e-01
2.83454e-01
2.16936e-01
7.34319e-01
1.08284e+00
1.13969e+00
1.08387e+00
1.46014e+00
1.52421e+00
1.67926e+00
1.77274e+00
1.66240e+00
1.82139e+00
1.70623e+00
1.73323e+00
1.58568e+00
3.66407e-01
7.73794e-02
-7.46597e-02
2.10727e-01
2.92401e-01
3.23828e-01
4.15616e-01
2.76748e-01
1.88457e-03
-1.02911e-01
1.36911e-01
2.87109e-01
8.92934e-02
3.16832e-01
5.00808e-01
2.83141e-01
2.96931e-02
2.37456e-01
4.90579e-01
2.27288e-01
1.97316e-01
-1.40433e-01
-1.21029e-01
1.20996e-01
5.03114e-03
-2.73165e-01
3.29507e-01
1.08239e+00
1.06287e+00
1.11330e+00
1.40423e+00
1.37798e+00
1.33293e+00
1.37237e+00
1.19215e+00
9.64651e-01
8.37846e-01
8.16048e-01
6.08964e-01
3.54729e-01
-7.50267e-01
-7.47565e-01
-8.18140e-01
-9.02825e-01
-7.98465e-01
-1.02360e+00
-7.44202e-01
-7.45125e-01
-9.59857e-01
-1.06184e+00
-8.75468e-01
-6.28988e-01
-8.92399e-01
-4.14679e-01
-1.94263e-01
4.02883e-02
-2.81811e-01
-1.13422e-01
-4.58164e-01
-5.40126e-01
-7.43816e-01
-7.37399e-01
-7.59164e-01
-7.44728e-01
-7.33228e-01
-3.94701e-01
2.02473e+00
2.41435e+00
2.38475e+00
2.48769e+00
2.32636e+00
2.18766e+00
2.36453e+00
2.28914e+00
2.13600e+00
1.99069e+00
2.10458e+00
2.07164e+00
2.10844e+00
-1.35816e-01
-1.10678e+00
-1.20945e+00
-1.21451e+00
-1.20070e+00
-1.54852e+00
-1.70061e+00
-1.88354e+00
-1.90127e+00
-1.91586e+00
-1.78039e+00
-1.52794e+00
-1.57658e+00
-1.35037e+00
-1.20454e+00
-1.24283e+00
-1.66036e+00
-1.81740e+00
-1.53749e+00
-1.53699e+00
-1.50094e+00
-1.65824e+00
-1.86462e+00
-1.81718e+00
-1.80628e+00
-1.83721e+00
-1.47573e+00
-8.07552e-01
-6.23708e-01
-5.82579e-01
-7.12789e-01
-9.55062e-01
-9.35480e-01
-1.02936e+00
-1.01676e+00
-1.13666e+00
-1.01991e+00
-7.12147e-01
-7.10578e-01
-4.03513e-01
-9.14886e-03
-2.60822e-01
-4.28207e-01
-4.59792e-01
-4.07456e-01
-5.16711e-01
-4.43752e-01
-4.05827e-01
-3.13568e-01
-2.90377e-01
-2.08671e-01
-2.26179e-01
1.04506e-01
1.36190e+00
1.51745e+00
1.44627e+00
1.56911e+00
1.45523e+00
1.46284e+00
1.46383e+00
1.39537e+00
1.29035e+00
1.16459e+00
8.93902e-01
7.17015e-01
4.89505e-01
4.28812e-01
2.42590e-01
4.13450e-01
5.71181e-01
6.46364e-01
5.55430e-01
4.25757e-01
2.79961e-01
3.07547e-01
-9.27173e-02
1.18301e-01
2.37324e-01
3.75437e-01
7.04732e-01
8.13563e-01
8.69235e-01
8.02558e-01
6.92685e-01
8.66490e-01
7.42368e-01
6.26601e-01
6.31574e-01
6.18217e-01
6.28894e-01
6.02034e-01
5.32995e-01
-1.25551e-01
-2.99617e-01
-2.17876e-01
-3.83649e-01
-6.13183e-01
-6.12747e-01
-6.42866e-01
-7.51949e-01
-9.15222e-01
-9.20784e-01
-1.00728e+00
-1.11980e+00
-8.94133e-01
4.80420e-02
9.58734e-01
1.24179e+00
1.16961e+00
1.13930e+00
1.23341e+00
1.25642e+00
1.25212e+00
1.19780e+00
9.68802e-01
8.70489e-01
7.24061e-01
5.03076e-01
-2.02892e-01
-1.27374e+00
-1.25377e+00
-1.23852e+00
-1.13325e+00
-1.05699e+00
-1.20757e+00
-1.10737e+00
-1.02735e+00
-1.58490e+00
-1.84085e+00
-1.79593e+00
-1.53167e+00
-9.30551e-01
9.95787e-02
8.87143e-05
-2.47848e-01
-4.49254e-01
-4.87330e-01
-6.76548e-01
-7.85689e-01
-9.56588e-01
-1.02691e+00
-9.87871e-01
-9.07293e-01
-6.65089e-01
-4.70520e-01
1.77191e+00
1.59853e+00
1.69605e+00
1.68769e+00
1.69533e+00
1.72716e+00
1.75405e+00
1.94848e+00
1.86496e+00
1.80007e+00
1.69686e+00
1.38247e+00
1.15177e+00
-1.19412e+00
-1.05371e+00
-1.33973e+00
-1.32499e+00
-1.00973e+00
-9.80882e-01
-1.14567e+00
-1.25645e+00
-1.32544e+00
-1.38648e+00
-1.75644e+00
-1.57171e+00
-1.52161e+00
-9.05451e-01
-7.10435e-01
-6.60012e-01
-9.15460e-01
-7.89664e-01
-8.25937e-01
-8.82427e-01
-9.76486e-01
-1.06227e+00
-1.00815e+00
-5.64353e-01
-6.57146e-01
-8.02454e-01
2.05081e-01
1.08030e+00
1.18869e+00
4.48870e-01
-2.25176e-01
-4.16352e-01
-3.89627e-01
-4.66972e-01
-4.18863e-01
-5.75787e-01
-6.86454e-01
-5.13364e-01
-4.38014e-01
-1.58574e-01
1.70329e-01
2.32073e-01
1.09733e-01
-9.33614e-03
2.87316e-02
3.53434e-02
-4.26933e-02
-4.62228e-01
-6.78839e-01
-8.08541e-01
-6.24821e-01
-2.26963e-01
7.86201e-02
9.45134e-01
9.71390e-01
1.07120e+00
9.21036e-01
7.86575e-01
8.36014e-01
7.95701e-01
5.11490e-01
1.95562e-01
1.83144e-01
4.71910e-01
7.04452e-01
1.29373e+00
2.84494e+00
3.08475e+00
3.20762e+00
3.07846e+00
2.58520e+00
2.62396e+00
2.62020e+00
2.46839e+00
2.26120e+00
2.43449e+00
2.63798e+00
2.50837e+00
1.94525e+00
-8.15731e-01
-7.66036e-01
-9.02924e-01
-6.47540e-01
-2.90356e-01
-6.55281e-01
-7.82432e-01
-2.74459e-01
-9.65567e-02
-3.84350e-01
-3.42319e-02
-1.91937e-01
-5.53943e-01
-7.53716e-01
-1.31832e+00
-1.23445e+00
-1.07308e+00
-1.16312e+00
-1.00077e+00
-8.99266e-01
-7.29278e-01
-1.05125e+00
-1.50194e+00
-1.10804e+00
-6.04456e-01
-5.72654e-01
1.05636e+00
8.07017e-01
1.09892e+00
1.09606e+00
9.19543e-01
1.15242e+00
1.21199e+00
1.12955e+00
8.11083e-01
7.21954e-01
7.35488e-01
5.21585e-01
5.74392e-01
6.23331e-01
6.64263e-01
7.63466e-01
6.35053e-01
6.35621e-01
5.10996e-01
4.99371e-01
4.53291e-01
4.48028e-01
6.56591e-01
4.95098e-01
3.85634e-01
4.10984e-01
-6.45471e-01
-1.01527e+00
-7.97075e-01
-1.03068e+00
-1.17131e+00
-1.00493e+00
-8.75175e-01
-8.79435e-01
-9.22986e-01
-1.07304e+00
-1.03561e+00
-1.06852e+00
-8.09860e-01
-5.10493e-01
