8.08000e-01
1.10667e+00
1.40533e+00
1.70400e+00
1.95001e+00
2.00645e+00
2.04710e+00
2.08774e+00
2.12723e+00
2.12871e+00
2.11290e+00
2.09710e+00
2.08129e+00
6.75323e-01
5.53000e-01
6.72000e-01
7.91000e-01
8.98194e-01
9.32581e-01
9.55161e-01
9.77742e-01
1.00032e+00
9.81612e-01
9.31935e-01
8.82258e-01
8.32581e-01
1.14470e-01
-3.40000e-01
-5.50000e-01
-7.60000e-01
-9.45806e-01
-8.41290e-01
-6.56129e-01
-4.70968e-01
-2.85806e-01
-1.60645e-01
-1.15484e-01
-7.03226e-02
-2.51613e-02
1.77041e-01
3.57667e-01
4.25333e-01
4.93000e-01
5.57442e-01
5.15484e-01
4.25161e-01
3.34839e-01
2.44516e-01
1.81152e-01
1.77097e-01
1.74839e-01
1.72581e-01
2.37175e-01
3.04000e-01
2.73667e-01
2.43333e-01
2.13000e-01
4.25806e-02
-2.32903e-01
-5.08387e-01
-7.83871e-01
-9.22949e-01
-5.70968e-01
-1.78065e-01
2.14839e-01
-1.54562e-01
-1.74000e+00
-1.46000e+00
-1.18000e+00
-9.00000e-01
-7.56452e-01
-7.94839e-01
-8.33226e-01
-8.71613e-01
-8.88986e-01
-7.76774e-01
-6.43548e-01
-5.10323e-01
-5.42811e-01
-1.41067e+00
-1.28933e+00
-1.16800e+00
-1.04667e+00
-9.46578e-01
-8.93226e-01
-8.41290e-01
-7.89355e-01
-7.34516e-01
-6.44839e-01
-5.45484e-01
-4.46129e-01
-3.46774e-01
4.10000e-02
4.63333e-01
8.85667e-01
1.30800e+00
1.56211e+00
1.21065e+00
8.08710e-01
4.06774e-01
1.01382e-02
-2.11613e-01
-3.53871e-01
-4.96129e-01
-6.38387e-01
-9.23525e-01
-1.13300e+00
-1.32200e+00
-1.51100e+00
-1.68543e+00
-1.77000e+00
-1.84000e+00
-1.91000e+00
-1.98000e+00
-2.21516e+00
-2.57419e+00
-2.93323e+00
-3.29226e+00
-1.59802e+00
-8.22000e-01
-8.15000e-01
-8.08000e-01
-8.19816e-01
-1.05742e+00
-1.35774e+00
-1.65806e+00
-1.95839e+00
-2.20548e+00
-2.38161e+00
-2.55774e+00
-2.73387e+00
-2.58272e+00
-2.06333e+00
-1.66667e+00
-1.27000e+00
-8.85023e-01
-8.85806e-01
-1.06194e+00
-1.23806e+00
-1.41419e+00
-1.50323e+00
-1.40065e+00
-1.29226e+00
-1.18387e+00
-7.67834e-01
-5.60000e-01
-8.86667e-01
-1.21333e+00
-1.54000e+00
-1.72258e+00
-1.79710e+00
-1.87161e+00
-1.94613e+00
-1.93401e+00
-1.61000e+00
-1.26000e+00
-9.10000e-01
-6.49048e-01
-6.26667e-01
-4.40000e-01
-2.53333e-01
-6.66667e-02
-1.90323e-02
-1.56774e-01
-2.94516e-01
-4.32258e-01
-5.39309e-01
-4.57097e-01
-3.44194e-01
-2.31290e-01
-1.12673e-01
-1.66667e-02
6.66667e-03
3.00000e-02
5.33333e-02
-2.65592e-02
-3.33548e-01
-6.47419e-01
-9.61291e-01
-1.25995e+00
-1.37613e+00
-1.44161e+00
-1.50710e+00
-1.57258e+00
5.98000e-01
3.13333e-01
2.86667e-02
-2.56000e-01
-4.50313e-01
-3.19355e-01
-1.61290e-01
-3.22582e-03
1.43687e-01
-7.74193e-02
-4.65806e-01
-8.54194e-01
-1.24258e+00
-2.82565e+00
-2.98100e+00
-2.90400e+00
-2.82700e+00
-2.75196e+00
-2.68903e+00
-2.62806e+00
-2.56710e+00
-2.50613e+00
-2.51355e+00
-2.57226e+00
-2.63097e+00
-2.68968e+00
-2.24688e+00
-1.88867e+00
-1.69500e+00
-1.50133e+00
-1.32699e+00
-1.38452e+00
-1.50645e+00
-1.62839e+00
-1.75032e+00
-1.70968e+00
-1.45226e+00
-1.19484e+00
-9.37419e-01
-5.12378e-01
-3.73667e-01
-4.27333e-01
-4.81000e-01
-5.29885e-01
-4.20968e-01
-2.40323e-01
-5.96774e-02
1.20968e-01
2.71889e-01
3.57419e-01
4.40968e-01
5.24516e-01
2.74949e-01
2.80000e-02
2.70667e-01
5.13333e-01
7.56000e-01
8.38065e-01
7.99677e-01
7.61290e-01
7.22903e-01
6.40737e-01
4.00968e-01
1.48065e-01
-1.04839e-01
8.24193e-02
9.35000e-01
6.90000e-01
4.45000e-01
2.00000e-01
8.32259e-02
1.37419e-01
1.91613e-01
2.45806e-01
2.99447e-01
3.49677e-01
3.99355e-01
4.49032e-01
3.91567e-01
-1.76667e-01
-8.33333e-02
1.00000e-02
1.03333e-01
2.37911e-01
4.63226e-01
6.91290e-01
9.19355e-01
1.12309e+00
1.03484e+00
8.65484e-01
6.96129e-01
5.26774e-01
-1.93400e+00
-2.13000e+00
-2.32600e+00
-2.52200e+00
-2.61348e+00
-2.32871e+00
-2.01258e+00
-1.69645e+00
-1.38613e+00
-1.26742e+00
-1.23581e+00
-1.20419e+00
-1.17258e+00
-5.24217e-01
-5.47000e-01
-6.84667e-01
-8.22333e-01
-9.25723e-01
-8.17742e-01
-6.75484e-01
-5.33226e-01
-3.90968e-01
-3.08065e-01
-2.69677e-01
-2.31290e-01
-1.92903e-01
-1.48616e+00
-1.81333e+00
-1.58000e+00
-1.34667e+00
-1.11255e+00
-8.69032e-01
-6.22903e-01
-3.76774e-01
-1.30645e-01
-1.12903e-02
-6.09677e-02
-1.10645e-01
-1.60323e-01
-5.61631e-01
-9.68000e-01
-1.13600e+00
-1.30400e+00
-1.46728e+00
-1.47484e+00
-1.41161e+00
-1.34839e+00
-1.28516e+00
-1.23576e+00
-1.21677e+00
-1.19871e+00
-1.18065e+00
-9.10114e-01
-4.60000e-01
-3.08333e-01
-1.56667e-01
-5.00000e-03
-5.35485e-02
-2.52258e-01
-4.50968e-01
-6.49677e-01
-7.71429e-01
-6.16129e-01
-4.37742e-01
-2.59355e-01
-4.00655e-01
-1.01167e+00
-8.18000e-01
-6.24333e-01
-4.30667e-01
-3.08387e-01
-2.81290e-01
-2.54194e-01
-2.27097e-01
-2.02765e-01
-1.95484e-01
-1.90968e-01
-1.86452e-01
-1.63364e-01
-9.66667e-02
-1.78333e-01
-2.60000e-01
-3.41667e-01
-4.36352e-01
-5.59677e-01
-6.83871e-01
-8.08065e-01
-9.17051e-01
-8.43548e-01
-7.19355e-01
-5.95161e-01
-4.70968e-01
-5.23000e-01
-7.16667e-01
-9.10333e-01
-1.10400e+00
-1.25768e+00
-1.26742e+00
-1.26516e+00
-1.26290e+00
-1.25926e+00
-1.21000e+00
-1.14000e+00
-1.07000e+00
-1.00000e+00
7.92857e-02
5.19000e-01
8.06000e-01
1.09300e+00
1.32357e+00
1.20613e+00
1.03226e+00
8.58387e-01
6.84516e-01
5.86774e-01
5.46129e-01
5.05484e-01
4.64839e-01
-4.54178e-01
-8.45333e-01
-8.85000e-01
-9.24667e-01
-9.74762e-01
-1.15000e+00
-1.36000e+00
-1.57000e+00
-1.78000e+00
-1.88452e+00
-1.84839e+00
-1.81226e+00
-1.77613e+00
-1.48214e+00
-1.39467e+00
-1.53933e+00
-1.68400e+00
-1.82627e+00
-1.88935e+00
-1.91645e+00
-1.94355e+00
-1.97065e+00
-1.97839e+00
-1.94355e+00
-1.90742e+00
-1.87129e+00
-8.21659e-01
3.90000e-01
1.80000e-01
-3.00000e-02
-2.40000e-01
-3.46774e-01
-3.76129e-01
-4.05484e-01
-4.34839e-01
-4.65115e-01
-4.98710e-01
-5.32581e-01
-5.66452e-01
-9.37488e-01
-1.63500e+00
-1.39000e+00
-1.14500e+00
-9.00000e-01
-8.04516e-01
-9.08387e-01
-1.01226e+00
-1.11613e+00
-1.21917e+00
-1.31710e+00
-1.41419e+00
-1.51129e+00
-1.31125e+00
3.56667e-01
2.28333e-01
1.00000e-01
-2.83333e-02
-1.67151e-01
-3.29032e-01
-4.91613e-01
-6.54194e-01
-8.05023e-01
-8.14839e-01
-7.85484e-01
-7.56129e-01
-7.26774e-01
-2.03300e+00
-1.92333e+00
-1.81367e+00
-1.70400e+00
-1.59506e+00
-1.48871e+00
-1.38258e+00
-1.27645e+00
-1.17576e+00
-1.25452e+00
-1.41484e+00
-1.57516e+00
-1.73548e+00
8.08271e-01
1.24100e+00
1.23400e+00
1.22700e+00
1.23275e+00
1.31710e+00
1.41419e+00
1.51129e+00
1.60839e+00
1.58032e+00
1.45839e+00
1.33645e+00
1.21452e+00
-1.88249e-01
-7.12000e-01
-7.05000e-01
-6.98000e-01
-6.77189e-01
-4.90645e-01
-2.58065e-01
-2.54839e-02
2.07097e-01
4.47419e-01
6.98065e-01
9.48709e-01
1.19935e+00
5.40451e-01
-1.54000e-01
-2.38000e-01
-3.22000e-01
-4.04977e-01
-4.54194e-01
-4.88065e-01
-5.21935e-01
-5.55806e-01
-6.31152e-01
-7.97742e-01
-9.67097e-01
-1.13645e+00
-5.32581e-01
3.00000e-01
9.00000e-02
-1.20000e-01
-3.30000e-01
-3.80000e-01
-3.10000e-01
-2.40000e-01
-1.70000e-01
-4.83871e-02
2.59032e-01
5.81935e-01
9.04840e-01
9.47483e-01
2.91667e-01
1.82000e-01
7.23333e-02
-3.73333e-02
-3.32258e-02
1.22581e-01
2.78387e-01
4.34194e-01
5.94977e-01
7.86452e-01
9.82904e-01
1.17935e+00
1.28152e+00
7.82667e-01
7.52333e-01
7.22000e-01
6.91667e-01
6.47808e-01
5.74194e-01
4.99677e-01
4.25161e-01
3.53272e-01
3.12903e-01
2.81290e-01
2.49677e-01
2.18065e-01
-1.99000e-01
-8.00000e-02
3.90000e-02
1.58000e-01
2.66539e-01
3.37419e-01
4.05161e-01
4.72903e-01
5.41936e-01
6.53548e-01
7.84516e-01
9.15484e-01
1.04645e+00
1.08233e+00
1.22100e+00
1.37733e+00
1.53367e+00
1.66560e+00
1.64710e+00
1.60419e+00
1.56129e+00
1.51839e+00
1.46258e+00
1.39710e+00
1.33161e+00
1.26613e+00
8.62104e-01
7.39333e-01
7.65000e-01
7.90667e-01
8.20983e-01
9.07097e-01
1.00871e+00
1.11032e+00
1.21194e+00
1.23806e+00
1.16355e+00
1.08903e+00
1.01452e+00
1.56957e-02
-4.86333e-01
-2.22667e-01
4.10000e-02
3.02696e-01
4.99355e-01
6.66452e-01
8.33548e-01
1.00065e+00
1.15046e+00
1.26226e+00
1.37290e+00
1.48355e+00
1.65599e+00
1.77000e+00
1.77000e+00
1.77000e+00
1.77000e+00
1.78419e+00
1.80903e+00
1.83387e+00
1.85871e+00
1.87249e+00
1.84645e+00
1.81710e+00
1.78774e+00
1.67803e+00
1.43667e+00
1.39000e+00
1.34333e+00
1.29667e+00
1.23710e+00
1.16032e+00
1.08355e+00
1.00677e+00
9.47972e-01
1.00000e+00
1.07000e+00
1.14000e+00
1.03000e+00
-7.46667e-02
-1.70333e-01
-2.66000e-01
-3.61667e-01
-4.63992e-01
-5.80968e-01
-6.98387e-01
-8.15806e-01
-9.27005e-01
-9.63548e-01
-9.79355e-01
-9.95162e-01
-1.01097e+00
-4.71000e-01
-4.03333e-01
-3.35667e-01
-2.68000e-01
-2.18290e-01
-2.33226e-01
-2.53548e-01
-2.73871e-01
-2.95392e-01
-3.56452e-01
-4.35484e-01
-5.14516e-01
-5.93548e-01
-1.57839e+00
-1.85200e+00
-1.97800e+00
-2.10400e+00
-2.20877e+00
-2.18258e+00
-2.13516e+00
-2.08774e+00
-2.04032e+00
-1.91290e+00
-1.72548e+00
-1.53806e+00
-1.35065e+00
-6.71886e-02
3.32000e-01
2.55000e-01
1.78000e-01
1.05161e-01
8.22581e-02
7.32258e-02
6.41935e-02
5.51613e-02
7.51614e-02
1.33871e-01
1.92581e-01
2.51290e-01
6.45668e-01
8.36667e-01
7.43333e-01
6.50000e-01
5.56359e-01
4.52581e-01
3.44194e-01
2.35806e-01
1.27419e-01
6.18894e-02
9.06452e-02
1.22258e-01
1.53871e-01
6.31120e-01
1.20600e+00
1.16633e+00
1.12667e+00
1.08700e+00
1.08806e+00
1.11968e+00
1.15129e+00
1.18290e+00
1.17949e+00
1.05000e+00
9.10000e-01
7.70000e-01
-9.49043e-02
-1.93167e+00
-1.89200e+00
-1.85233e+00
-1.81267e+00
-1.66419e+00
-1.37065e+00
-1.07710e+00
-7.83548e-01
-4.99677e-01
-2.75484e-01
-6.09677e-02
1.53548e-01
2.62350e-01
-2.21333e-01
-1.18667e-01
-1.60000e-02
8.66667e-02
1.87628e-01
2.84839e-01
3.81935e-01
4.79032e-01
5.72396e-01
6.20968e-01
6.57097e-01
6.93226e-01
7.29355e-01
7.80000e-02
5.00000e-02
2.20000e-02
-6.00000e-03
-1.63041e-02
3.70968e-02
9.58066e-02
1.54516e-01
2.12258e-01
2.38065e-01
2.49355e-01
2.60645e-01
2.71935e-01
9.67627e-01
9.85000e-01
8.80000e-01
7.75000e-01
6.87281e-01
7.06129e-01
7.42258e-01
7.78387e-01
8.14516e-01
9.24194e-01
1.08903e+00
1.25387e+00
1.41871e+00
6.80024e-02
-4.98667e-01
-4.80000e-01
-4.61333e-01
-4.42151e-01
-4.16774e-01
-3.89677e-01
-3.62581e-01
-3.35484e-01
-3.52903e-01
-4.29677e-01
-5.06452e-01
-5.83226e-01
-1.43288e+00
-1.95200e+00
-1.85400e+00
-1.75600e+00
-1.66171e+00
-1.68968e+00
-1.77323e+00
-1.85677e+00
-1.94032e+00
-1.91742e+00
-1.66032e+00
-1.39613e+00
-1.13194e+00
-7.40346e-01
-3.20000e-01
-7.50000e-02
1.70000e-01
4.15000e-01
5.30323e-01
5.48387e-01
5.66452e-01
5.84516e-01
5.84608e-01
5.20000e-01
4.50000e-01
3.80000e-01
-1.29857e-01
-1.20500e+00
-1.12800e+00
-1.05100e+00
-9.74000e-01
-8.13871e-01
-5.42903e-01
-2.71935e-01
-9.67820e-04
2.11659e-01
6.45162e-02
-1.40968e-01
-3.46452e-01
-2.44793e-01
1.58867e+00
1.72633e+00
1.86400e+00
2.00167e+00
2.09650e+00
2.09710e+00
2.09484e+00
2.09258e+00
2.08576e+00
2.02419e+00
1.94742e+00
1.87065e+00
1.79387e+00
5.01000e-01
4.56667e-01
4.12333e-01
3.68000e-01
3.37323e-01
3.55806e-01
3.78387e-01
4.00968e-01
4.23318e-01
4.38065e-01
4.49355e-01
4.60645e-01
4.71935e-01
-4.38802e-01
-4.92000e-01
-3.84667e-01
-2.77333e-01
-1.66277e-01
-3.22581e-02
1.05484e-01
2.43226e-01
3.80968e-01
4.87742e-01
5.71290e-01
6.54839e-01
7.38387e-01
-7.64162e-01
-1.04667e+00
-6.50000e-01
-2.53333e-01
1.30522e-01
3.60645e-01
5.48065e-01
7.35484e-01
9.22904e-01
9.94193e-01
9.10645e-01
8.27097e-01
7.43548e-01
1.77659e-01
-1.36000e-01
-5.20000e-02
3.20000e-02
1.13687e-01
1.19032e-01
8.96774e-02
6.03226e-02
3.09677e-02
1.26728e-02
1.87097e-02
2.54839e-02
3.22581e-02
-4.34240e-01
-9.80000e-01
-8.63333e-01
-7.46667e-01
-6.30000e-01
-6.34194e-01
-7.29032e-01
-8.23871e-01
-9.18710e-01
-9.83595e-01
-9.40645e-01
-8.88710e-01
-8.36774e-01
-9.21231e-01
-1.18667e+00
-1.09800e+00
-1.00933e+00
-9.20667e-01
-9.21290e-01
-1.04097e+00
-1.16065e+00
-1.28032e+00
-1.38949e+00
-1.43387e+00
-1.46774e+00
-1.50161e+00
-1.37120e+00
-3.36000e-01
-2.24000e-01
-1.12000e-01
0.00000e+00
1.29558e-01
2.97742e-01
4.67097e-01
6.36452e-01
7.95299e-01
8.28065e-01
8.25806e-01
8.23548e-01
8.21290e-01
-8.59000e-01
-9.50000e-01
-1.04100e+00
-1.13200e+00
-1.19107e+00
-1.13516e+00
-1.06968e+00
-1.00419e+00
-9.39631e-01
-9.05484e-01
-8.85161e-01
-8.64839e-01
-8.44516e-01
-2.07756e+00
-2.16800e+00
-2.04200e+00
-1.91600e+00
-1.79409e+00
-1.69742e+00
-1.60484e+00
-1.51226e+00
-1.41968e+00
-1.31161e+00
-1.19194e+00
-1.07226e+00
-9.52580e-01
-6.66375e-01
-5.60667e-01
-5.35000e-01
-5.09333e-01
-4.80399e-01
-4.12258e-01
-3.33226e-01
-2.54194e-01
-1.75161e-01
-1.59032e-01
-2.26774e-01
-2.94516e-01
-3.62258e-01
-2.47419e-01
-1.80000e-01
-2.50000e-01
-3.20000e-01
-3.85300e-01
-2.95484e-01
-1.35161e-01
2.51613e-02
1.85484e-01
3.02258e-01
3.23226e-01
3.41290e-01
3.59355e-01
9.61885e-01
1.87800e+00
2.06233e+00
2.24667e+00
2.43100e+00
2.50226e+00
2.48871e+00
2.47516e+00
2.46161e+00
2.44392e+00
2.41129e+00
2.37742e+00
2.34355e+00
1.89965e+00
8.85000e-01
9.20000e-01
9.55000e-01
9.90000e-01
1.06032e+00
1.17774e+00
1.29516e+00
1.41258e+00
1.52171e+00
1.57968e+00
1.62935e+00
1.67903e+00
1.74728e+00
1.78533e+00
1.61967e+00
1.45400e+00
1.28833e+00
1.14573e+00
1.05387e+00
9.63549e-01
8.73226e-01
7.87465e-01
7.56452e-01
7.40645e-01
7.24839e-01
7.09032e-01
1.85000e-01
2.66667e-01
3.48333e-01
4.30000e-01
5.04217e-01
5.51613e-01
5.96774e-01
6.41935e-01
6.84654e-01
6.46774e-01
5.72258e-01
4.97742e-01
4.23226e-01
5.43779e-02
