-2.38571e-02
-6.93714e-01
-2.79000e-01
7.60000e-02
1.49714e-01
7.34286e-01
4.58571e-01
3.14286e-01
2.30857e-01
1.89000e-01
5.19286e-01
1.19700e+00
7.02000e-01
1.22871e+00
1.22614e+00
8.73286e-01
4.56714e-01
5.65429e-01
2.06000e-01
5.01429e-02
-7.32857e-01
2.17429e-01
7.25857e-01
3.07000e-01
1.71429e-03
6.75000e-01
-1.70000e-02
-2.28714e-01
6.74714e-01
5.99143e-01
2.75714e-01
-1.98429e-01
-9.43286e-01
-1.51971e+00
-5.81286e-01
1.02800e+00
9.11714e-01
9.65571e-01
7.33571e-01
-1.79571e-01
-1.38543e+00
-9.04286e-01
-1.21714e+00
-3.75571e-01
8.99000e-01
5.69429e-01
1.28243e+00
6.80286e-01
8.27143e-02
7.58857e-01
9.50000e-02
7.41857e-01
6.15000e-01
-1.19614e+00
-1.08771e+00
-3.15714e-02
5.28286e-01
6.94143e-01
8.63286e-01
4.96429e-01
8.65857e-01
5.79000e-01
8.48286e-01
3.45143e-01
4.36571e-01
5.45286e-01
4.41429e-01
6.40429e-01
3.72571e-01
1.01043e+00
1.29529e+00
3.69143e-01
2.67286e-01
3.76714e-01
-8.78571e-02
6.49714e-01
4.47429e-01
4.02714e-01
4.94286e-02
3.79286e-01
-3.05429e-01
-7.97143e-02
4.27143e-02
1.00100e+00
7.22000e-01
5.52714e-01
-3.80000e-01
8.47143e-02
-5.63571e-01
-1.00229e+00
-9.98571e-02
9.11429e-02
-9.15714e-01
-1.08929e+00
-3.39143e-01
3.16000e-01
1.40757e+00
6.15000e-01
-1.61571e-01
5.80857e-01
1.09714e-01
1.36286e-01
-3.84286e-02
-1.70286e-01
-6.83571e-01
-9.24143e-01
-5.80143e-01
-7.05143e-01
-1.12686e+00
-6.76429e-01
4.91000e-01
-7.58857e-01
-8.58429e-01
-1.07643e+00
-4.53286e-01
5.28429e-01
7.71714e-01
-1.08714e-01
2.94286e-01
1.62714e-01
4.15286e-01
4.39714e-01
-5.41286e-01
2.12429e-01
2.34857e-01
4.01286e-01
3.49857e-01
2.10714e-01
6.08714e-01
1.17286e+00
7.85143e-01
3.34000e-01
1.54286e-01
1.82000e-01
3.30571e-01
8.89000e-01
-1.58571e-02
-5.55286e-01
-9.95429e-01
-8.38286e-01
-9.52000e-01
-7.91429e-01
-1.93571e-01
-2.34714e-01
5.83000e-01
1.54286e-02
-1.12486e+00
-5.15714e-01
5.88143e-01
3.46857e-01
2.03714e-01
3.66143e-01
9.16286e-01
-7.68571e-02
-2.61429e-01
-2.09286e-01
-2.59429e-01
1.42000e-01
-9.08143e-01
-6.20857e-01
-1.06386e+00
-7.44429e-01
-7.40143e-01
5.71428e-03
7.85857e-01
9.87286e-01
8.14429e-01
-5.75714e-02
1.98286e-01
7.21429e-02
8.88714e-01
-8.96143e-01
-2.20000e-01
5.94143e-01
-1.04700e+00
-7.38000e-01
4.88571e-01
7.41000e-01
9.06429e-01
5.71000e-01
1.97714e-01
1.23143e-01
-7.08571e-01
-4.46857e-01
-1.09129e+00
-1.23286e-01
-1.88286e-01
1.62714e-01
-2.96000e-01
-2.52429e-01
-4.57571e-01
-9.71000e-01
-6.29857e-01
5.41429e-02
4.74000e-01
2.20714e-01
3.64429e-01
1.34743e+00
1.31286e+00
-3.85857e-01
-3.19143e-01
4.74714e-01
7.49000e-01
8.41571e-01
5.22714e-01
7.85714e-02
-5.64429e-01
4.85857e-01
5.25286e-01
1.08571e+00
8.64857e-01
5.81429e-02
1.94000e-01
4.33286e-01
1.74143e-01
3.73000e-01
8.47714e-01
-5.92143e-01
-4.28571e-03
3.74857e-01
8.74429e-01
-4.90000e-02
-1.14529e+00
-3.21429e-02
2.66286e-01
4.75143e-01
1.18000e-01
1.42857e-02
1.10429e-01
-3.66000e-01
7.26143e-01
3.13143e-01
-6.27000e-01
-1.34714e+00
-1.35243e+00
3.92714e-01
6.63143e-01
-1.83857e-01
1.78571e-01
9.28714e-01
4.23857e-01
5.64000e-01
1.97429e-01
9.28857e-01
9.06429e-01
1.08014e+00
8.38286e-01
1.13500e+00
6.49143e-01
1.15000e-01
1.73286e-01
9.58857e-01
1.26600e+00
-1.95286e-01
-7.01286e-01
-9.99999e-04
3.42143e-01
1.06500e+00
1.00886e+00
1.24443e+00
1.19429e-01
-1.57171e+00
-9.19286e-01
8.58000e-01
2.53571e-01
1.17914e+00
9.57000e-01
8.42143e-01
1.36314e+00
8.26857e-01
6.64143e-01
7.10571e-01
9.51857e-01
4.60714e-01
7.49143e-01
4.09000e-01
-1.32857e+00
-2.29143e-01
-7.51429e-01
-1.19014e+00
1.30571e-01
8.50429e-01
5.73286e-01
4.64857e-01
-7.39857e-01
-5.55286e-01
3.93429e-01
5.68714e-01
2.61000e-01
7.08571e-02
4.01429e-02
5.54000e-01
2.65571e-01
-6.51429e-02
5.00143e-01
1.12243e+00
-1.46429e-01
-7.85000e-01
-1.11157e+00
-4.29000e-01
5.55571e-01
8.78429e-01
-7.17714e-01
-7.59143e-01
-3.42286e-01
7.61286e-01
-7.52714e-01
4.76857e-01
9.30000e-01
9.99857e-01
1.15557e+00
3.60000e-01
1.55143e-01
-6.34286e-02
2.61571e-01
-4.52178e-01
-3.54120e-01
-9.99891e-01
-6.89934e-01
-3.64922e-01
1.25583e+00
7.90673e-01
1.24372e+00
9.89016e-01
3.69423e-01
-9.42161e-02
1.80166e-01
8.38217e-01
5.29367e-01
8.49403e-01
3.74638e-01
4.90142e-01
-2.55520e-01
3.58621e-01
-3.21907e-01
4.54568e-01
-3.09747e-02
-1.67131e-01
-1.48636e-01
3.58507e-01
-5.51015e-01
-4.69959e-01
6.46358e-01
3.21965e-01
3.62351e-01
9.29631e-01
-1.13120e-01
-6.95354e-01
-9.14241e-01
-8.98073e-01
-5.15121e-01
3.56985e-01
1.13681e+00
-5.62167e-02
-2.78691e-01
-7.74996e-02
-5.85619e-01
2.30913e-01
8.67427e-01
7.52006e-01
-6.00950e-01
3.51546e-01
3.72599e-01
9.39780e-02
1.20555e+00
9.50282e-01
1.32868e-01
3.36370e-01
1.08657e+00
1.45098e-01
-1.66143e+00
-1.20530e+00
-8.59507e-01
-9.73331e-01
-1.39256e+00
-1.08309e+00
7.69289e-02
3.13965e-02
4.01268e-01
9.81630e-01
1.00399e+00
-7.33565e-01
-5.78149e-01
-1.06536e+00
3.41903e-01
1.21268e-01
-1.80322e-02
3.46553e-01
2.90872e-01
6.85423e-01
6.45434e-01
1.28139e-01
-4.85564e-01
4.41404e-01
2.54186e-01
-6.34307e-01
-6.04269e-01
-6.54497e-01
-1.12632e+00
-7.45091e-01
-7.22680e-01
-6.08489e-01
6.09283e-01
9.44909e-01
-3.42393e-01
4.46488e-01
-6.27180e-02
-1.45046e-01
-7.60884e-01
-1.47629e+00
-1.64380e-01
-2.96610e-01
-9.82929e-01
-4.42570e-01
-3.66784e-01
1.14765e-01
2.13085e-01
9.85547e-02
1.08947e+00
6.69018e-01
1.27749e-01
1.00221e+00
6.56959e-01
3.61960e-01
-7.74964e-01
5.16289e-01
6.56458e-01
6.35217e-01
2.20133e-01
-1.74116e-01
6.25727e-01
6.25898e-01
4.08379e-01
-5.65992e-01
-1.21886e-01
-2.66979e-01
-4.15282e-01
5.67673e-01
1.18564e+00
3.94618e-01
-6.85071e-02
2.90040e-01
1.42041e+00
8.59922e-01
9.80202e-01
1.41446e+00
9.45922e-01
1.75514e+00
1.25031e+00
-3.29480e-02
3.21427e-01
-2.61855e-02
-3.90720e-01
3.49965e-01
-2.14926e-01
-7.29264e-01
-7.08197e-01
5.85981e-01
2.71703e-01
4.72619e-01
-1.81432e+00
-1.42989e+00
-1.42328e+00
-4.47558e-02
3.91280e-01
1.37705e+00
5.30836e-01
1.15226e-01
6.83491e-01
6.10236e-01
4.71801e-01
-4.31778e-01
-4.28929e-01
-3.91193e-01
-4.59960e-01
-7.18914e-02
1.05568e+00
1.58726e-01
6.86276e-01
8.17791e-01
4.22174e-01
8.43487e-01
3.61387e-01
6.38144e-02
4.05543e-01
5.18757e-01
-7.97372e-01
1.43204e-01
5.86328e-01
-1.00989e-01
-2.01959e-01
6.95918e-01
6.89443e-02
-3.14155e-01
3.96567e-01
1.35777e-01
-1.25534e+00
-5.80766e-02
4.03029e-01
2.12776e-01
-4.30749e-01
-7.87183e-02
3.67855e-01
1.23230e+00
1.42524e+00
2.15526e-01
7.29047e-01
6.19679e-01
9.62052e-01
6.62584e-01
4.23809e-01
-1.10454e+00
-3.43040e-01
