3.64960e+00
5.29986e+00
6.68806e+00
7.50250e+00
7.98653e+00
9.01401e+00
9.67706e+00
1.01867e+01
1.04509e+01
1.10986e+01
1.11994e+01
1.11494e+01
1.07985e+01
3.25256e+00
2.04898e+00
1.79289e+00
1.51233e+00
1.21872e+00
1.21660e+00
8.21602e-01
-2.08355e-01
-3.02885e-01
-1.05906e-01
3.09533e-05
2.10202e-01
-2.16640e-03
-1.36929e+01
-1.85091e+01
-1.78847e+01
-1.84799e+01
-1.84936e+01
-1.79188e+01
-1.75761e+01
-1.70424e+01
-1.64231e+01
-1.56459e+01
-1.57066e+01
-1.57323e+01
-1.48885e+01
-6.76597e-01
8.58997e+00
8.35157e+00
8.33839e+00
8.23296e+00
8.12840e+00
8.31848e+00
8.00672e+00
7.72916e+00
8.13310e+00
8.47269e+00
8.65279e+00
9.01144e+00
6.64220e+00
3.23542e+00
2.48050e+00
1.55185e+00
5.95073e-01
-4.05941e-01
-8.93515e-01
-1.57068e+00
-1.53370e+00
-1.73787e+00
-1.57674e+00
-2.06631e+00
-2.47595e+00
-3.72274e-01
4.79354e+00
5.70258e+00
6.34341e+00
7.19343e+00
6.82478e+00
6.73286e+00
6.76488e+00
6.34182e+00
5.81070e+00
5.86281e+00
5.46874e+00
5.97331e+00
6.39049e+00
7.20691e+00
7.42276e+00
7.29803e+00
6.85925e+00
6.49973e+00
6.64040e+00
5.64858e+00
5.70018e+00
5.76897e+00
6.47788e+00
6.98752e+00
7.51545e+00
7.45682e+00
-1.44851e+01
-1.45012e+01
-1.43749e+01
-1.44070e+01
-1.46639e+01
-1.49078e+01
-1.47348e+01
-1.52314e+01
-1.53139e+01
-1.52214e+01
-1.51594e+01
-1.53195e+01
-1.57551e+01
7.74937e+00
1.18883e+01
1.17330e+01
1.18780e+01
1.15894e+01
1.14789e+01
1.17339e+01
1.14574e+01
1.08643e+01
1.05371e+01
1.04164e+01
1.02099e+01
9.79357e+00
1.38597e+00
-1.98725e+00
-2.78462e+00
-3.24224e+00
-3.29044e+00
-3.01763e+00
-3.12806e+00
-2.89355e+00
-3.10117e+00
-2.73708e+00
-2.66131e+00
-3.10167e+00
-3.34531e+00
-8.94515e+00
-1.22964e+01
-1.07038e+01
-8.64213e+00
-7.00688e+00
-4.51006e+00
-1.76539e+00
6.34248e-01
2.42673e+00
3.41143e+00
3.97363e+00
5.51560e+00
6.13020e+00
7.31277e+00
8.56830e+00
8.07101e+00
8.15977e+00
8.04083e+00
7.73202e+00
7.34379e+00
7.26344e+00
6.41200e+00
5.57890e+00
6.03420e+00
5.85868e+00
5.60394e+00
-1.91707e+00
-1.91535e+01
-1.80831e+01
-1.64918e+01
-1.48157e+01
-1.28372e+01
-9.87476e+00
-7.37373e+00
-5.85917e+00
-3.23607e+00
-2.22514e-01
1.09869e+00
1.42174e+00
2.39625e+00
9.18987e+00
9.08383e+00
9.13013e+00
8.93046e+00
8.63389e+00
8.59633e+00
8.72177e+00
8.89170e+00
8.79412e+00
8.30758e+00
8.23052e+00
8.44549e+00
8.75459e+00
-1.68746e+01
-1.67817e+01
-1.64501e+01
-1.53578e+01
-1.57503e+01
-1.55452e+01
-1.51064e+01
-1.52665e+01
-1.52951e+01
-1.53673e+01
-1.50308e+01
-1.39923e+01
-1.36647e+01
7.91615e+00
1.14380e+01
1.10957e+01
1.06579e+01
1.06029e+01
1.05611e+01
1.03905e+01
1.03962e+01
1.03857e+01
1.02081e+01
1.02251e+01
1.00741e+01
9.46634e+00
-1.16414e+01
-2.01739e+01
-1.99392e+01
-1.99890e+01
-1.92732e+01
-1.83571e+01
-1.77143e+01
-1.70737e+01
-1.71106e+01
-1.65879e+01
-1.59950e+01
-1.44419e+01
-1.27763e+01
6.09165e-01
1.07958e+01
1.10667e+01
1.13379e+01
1.19444e+01
1.19189e+01
1.19627e+01
1.16840e+01
1.17550e+01
1.17966e+01
1.21679e+01
1.22686e+01
1.21052e+01
8.00077e+00
2.05751e+00
1.93303e+00
1.84098e+00
1.23511e+00
1.95482e-01
-3.35262e-01
-1.81458e-01
-2.51125e-01
-6.53169e-01
-3.01055e-01
-2.52227e-02
5.24811e-01
-3.81314e+00
-1.55935e+01
-1.62058e+01
-1.68590e+01
-1.66850e+01
-1.61645e+01
-1.60120e+01
-1.56660e+01
-1.46772e+01
-1.40548e+01
-1.32871e+01
-1.11588e+01
-1.03085e+01
-6.69744e+00
9.13959e+00
9.14443e+00
8.78337e+00
8.45485e+00
7.65204e+00
7.12195e+00
6.92426e+00
7.60557e+00
8.12166e+00
8.30944e+00
8.13339e+00
7.74666e+00
7.72253e+00
-1.08565e+01
-1.14739e+01
-1.19957e+01
-1.24336e+01
-1.30080e+01
-1.36177e+01
-1.40746e+01
-1.46733e+01
-1.51045e+01
-1.49336e+01
-1.51320e+01
-1.54698e+01
-1.45250e+01
5.32078e+00
8.61038e+00
9.31478e+00
9.53445e+00
9.66249e+00
9.53539e+00
9.32822e+00
9.40306e+00
9.67137e+00
9.36938e+00
8.54211e+00
8.34067e+00
8.38505e+00
-7.02270e+00
-1.29303e+01
-1.25670e+01
-1.26169e+01
-1.30877e+01
-1.32539e+01
-1.33004e+01
-1.34879e+01
-1.39542e+01
-1.40182e+01
-1.45703e+01
-1.39080e+01
-1.36049e+01
1.07990e-01
1.03462e+01
1.04705e+01
1.04978e+01
1.01668e+01
9.56921e+00
1.00870e+01
1.02221e+01
9.89450e+00
9.23674e+00
8.39646e+00
8.40986e+00
8.78270e+00
-1.31350e+00
-1.47532e+01
-1.55333e+01
-1.56592e+01
-1.54733e+01
-1.56876e+01
-1.54548e+01
-1.55511e+01
-1.58411e+01
-1.64780e+01
-1.62033e+01
-1.62023e+01
-1.58715e+01
-9.12184e+00
6.58991e+00
6.53021e+00
7.37735e+00
7.47195e+00
7.47323e+00
7.88481e+00
8.25423e+00
8.67236e+00
9.15603e+00
9.77269e+00
9.90438e+00
9.75912e+00
9.68234e+00
7.32550e+00
6.74406e+00
6.42090e+00
5.27649e+00
4.81427e+00
4.89438e+00
5.07279e+00
5.24469e+00
4.66516e+00
5.14269e+00
4.72682e+00
4.07459e+00
3.86295e+00
9.36270e+00
9.74211e+00
1.03428e+01
1.06113e+01
1.03885e+01
1.00271e+01
9.49646e+00
9.43213e+00
8.75599e+00
7.67642e+00
6.76913e+00
6.35521e+00
6.35969e+00
9.23856e+00
8.85800e+00
8.45423e+00
7.36664e+00
6.28898e+00
5.20757e+00
3.85484e+00
3.03985e+00
2.44075e+00
2.16483e+00
2.38216e+00
2.47354e+00
2.57252e+00
-6.86451e+00
-1.09434e+01
-1.13965e+01
-1.19889e+01
-1.22763e+01
-1.25926e+01
-1.34295e+01
-1.36192e+01
-1.38040e+01
-1.38260e+01
-1.33886e+01
-1.31441e+01
-1.18933e+01
4.69095e-01
1.00087e+01
1.04582e+01
1.08072e+01
1.10404e+01
1.13463e+01
1.11066e+01
1.09857e+01
1.10690e+01
1.10197e+01
1.09929e+01
1.06342e+01
1.01410e+01
5.09640e+00
-2.75812e+00
-3.27032e+00
-4.30974e+00
-5.22090e+00
-6.71744e+00
-8.52137e+00
-9.51515e+00
-1.00476e+01
-9.79175e+00
-9.70264e+00
-9.60709e+00
-9.37993e+00
-3.70892e+00
1.02926e+01
1.04370e+01
1.05014e+01
9.85275e+00
9.37774e+00
9.13294e+00
8.54492e+00
8.03470e+00
6.89691e+00
6.55268e+00
6.50881e+00
6.39597e+00
6.25894e+00
6.45219e+00
6.95247e+00
7.83383e+00
8.13009e+00
8.78961e+00
9.60523e+00
1.01795e+01
1.07190e+01
1.10824e+01
1.10338e+01
1.07460e+01
1.07082e+01
1.04805e+01
5.60957e+00
5.54879e+00
4.83549e+00
4.20829e+00
3.65864e+00
3.17261e+00
2.92886e+00
2.94183e+00
3.27320e+00
3.05505e+00
2.63760e+00
2.48146e+00
1.87086e+00
-1.61646e+01
-1.81078e+01
-1.71660e+01
-1.63433e+01
-1.59991e+01
-1.40326e+01
-1.08371e+01
-1.01048e+01
-9.73879e+00
-8.79449e+00
-8.49390e+00
-7.65950e+00
-6.68738e+00
2.11893e+00
5.17899e+00
5.38964e+00
5.29374e+00
5.62609e+00
5.54594e+00
5.55252e+00
5.35202e+00
4.39400e+00
3.57998e+00
2.37436e+00
1.08240e+00
1.91764e-01
5.36643e+00
9.73789e+00
1.02918e+01
9.98127e+00
9.56743e+00
9.38025e+00
9.37017e+00
9.07299e+00
9.24488e+00
9.22129e+00
8.85166e+00
7.84628e+00
6.96008e+00
3.94513e+00
