3.51936e-01
4.22965e-01
-1.38369e+00
-7.38032e-01
6.55716e-01
-3.65451e-01
3.02969e-02
2.52282e-01
9.57549e-01
7.00695e-01
-1.79763e-01
-1.16442e+00
-1.24958e+00
1.57760e-01
-2.60213e-01
8.26996e-01
-2.98280e-01
-1.11512e+00
-1.10060e+00
-2.04120e-01
-7.39067e-01
3.45157e-03
-1.05926e+00
1.67671e-01
-2.83900e-02
-1.85088e-01
-1.80346e+00
-2.13648e+00
-2.02169e-01
-9.32577e-02
2.49486e-01
1.38033e+00
8.25806e-01
-8.87156e-02
7.03889e-01
-4.42129e-02
-1.12867e+00
-1.32221e+00
-1.73642e+00
-1.48409e+00
6.01057e-01
1.41319e+00
8.38471e-02
-4.71379e-01
9.71993e-02
5.22577e-01
-2.19286e-01
-8.86481e-01
6.64703e-02
1.94197e+00
2.33573e+00
7.16402e-01
6.25957e-01
2.13741e+00
7.48083e-01
-1.22000e+00
-1.51785e+00
-4.82526e-01
-3.03743e-01
-5.63039e-01
-1.41560e+00
-4.85179e-01
5.05531e-01
4.56177e-01
3.44976e-01
5.72292e-01
1.80206e+00
2.26487e+00
9.56507e-01
1.41319e-01
3.45844e-01
1.34049e+00
1.15138e+00
-1.59960e-01
-1.09742e+00
-5.73043e-01
-5.66480e-01
-2.20089e-01
3.63385e-01
3.01676e-01
5.87291e-02
2.31948e-01
5.48170e-01
-6.87107e-01
1.60383e-01
3.98827e-02
-2.81797e-01
-1.49796e+00
-1.23638e+00
-5.69120e-01
8.94437e-01
7.81021e-01
-5.70499e-01
-4.84404e-01
6.06703e-01
-4.93991e-02
-1.45798e+00
-9.15793e-01
-8.50076e-01
-4.73837e-01
3.10122e-01
8.82368e-01
1.86034e+00
1.77392e+00
1.05309e+00
6.07939e-01
7.89810e-01
-9.11433e-01
-1.20119e+00
-1.02296e+00
-1.29723e+00
6.62746e-01
4.60369e-01
-2.62034e-01
4.39556e-01
2.91902e-01
-5.73479e-02
1.35055e+00
2.20843e-01
-5.84174e-01
-1.23327e+00
-2.92633e-01
-8.21143e-01
-1.12635e+00
-1.87952e+00
-3.98910e-01
7.08373e-01
2.42181e-01
-8.91495e-01
-1.85338e+00
-2.11877e+00
-9.72156e-01
-1.37797e+00
-5.47283e-01
-5.87294e-01
-1.36386e+00
-3.74516e-01
-5.38966e-01
3.43083e-01
-1.66286e-01
-1.93359e+00
-1.88062e+00
4.56641e-01
1.65164e+00
-6.18512e-01
-9.33114e-03
7.24748e-01
-3.72429e-01
1.74651e-01
1.54029e+00
9.01026e-01
5.47340e-01
5.37189e-01
3.43723e-01
-3.71400e-01
8.09333e-02
9.74117e-01
-4.15211e-01
-1.31905e+00
-2.32561e-01
-9.64200e-02
1.07405e+00
1.74168e+00
1.76422e+00
1.11104e+00
-6.82443e-01
1.51824e-01
3.53903e-01
1.40443e+00
1.84539e+00
7.56302e-01
1.25912e+00
9.32031e-01
1.33927e+00
9.49165e-01
6.84880e-02
-2.02782e-01
-1.12512e+00
-9.08359e-01
-6.99760e-01
-4.39937e-01
-8.14133e-01
2.55586e-02
5.86614e-01
1.41009e+00
-4.94120e-01
-2.43119e+00
-1.99991e-01
1.68138e-01
1.06731e+00
1.80260e+00
1.13533e+00
-1.04356e+00
-1.61974e+00
-1.14574e+00
4.29473e-01
7.21480e-01
-5.97665e-01
-1.04634e+00
2.01806e-01
5.11189e-02
-8.72549e-01
-1.64004e-01
-1.05364e-01
1.23975e+00
8.10193e-01
-5.68914e-01
-9.54921e-01
4.68998e-01
-6.80837e-01
-3.40407e-01
1.19908e+00
1.42918e+00
6.21576e-01
8.66290e-02
2.77057e-01
8.40070e-01
1.28457e-02
4.03243e-03
-5.43001e-01
-1.42714e+00
-6.56554e-01
1.23644e+00
1.52016e+00
8.86329e-01
-7.09563e-01
-5.41714e-01
6.08753e-01
1.20011e+00
1.18291e+00
-1.19734e-01
-3.52109e-01
-2.30782e-01
5.84676e-01
4.14703e-01
-4.29659e-01
-2.55509e-01
-1.06211e+00
-3.28610e-01
1.18358e+00
1.67206e+00
1.14877e+00
-4.53110e-01
-4.41388e-01
4.11693e-01
-1.48110e-01
1.38473e-01
4.55716e-02
1.63631e-01
6.73955e-01
5.93105e-01
6.80920e-01
9.25515e-01
-1.11142e-01
1.18339e+00
3.42443e-01
-9.56480e-01
-1.32834e+00
-8.71600e-01
-1.04022e+00
-7.23394e-01
5.42849e-01
9.03419e-01
-4.47133e-01
6.82796e-01
1.75170e+00
1.79079e+00
-2.87550e-01
-1.09633e+00
-1.39784e+00
6.29481e-01
1.41151e+00
6.94287e-01
-2.82927e-01
-2.90655e-01
-1.81921e-01
-3.31181e-01
4.74210e-01
-1.76223e-02
-3.46227e-01
-2.38561e-01
3.73556e-01
1.82990e+00
1.25921e+00
1.47120e-01
-6.97809e-01
-2.21213e+00
-1.71655e+00
2.25142e-01
3.96576e-01
-2.67066e-01
2.13443e-01
-4.98859e-02
6.85163e-01
2.78761e-01
2.82876e-01
-3.03608e-02
4.22263e-01
1.63047e+00
5.90327e-01
-2.07715e-01
5.28032e-02
1.11857e+00
5.51622e-01
-4.77254e-01
-9.07683e-01
-1.36546e-01
3.44961e-02
-8.05129e-02
5.01545e-01
-6.89941e-01
-8.91874e-01
2.24411e-01
1.68959e+00
1.10582e+00
1.24352e-02
-9.31836e-01
-1.43631e+00
-6.55264e-02
8.24819e-01
3.65345e-01
-9.73006e-02
2.02457e-01
1.09036e+00
2.26355e+00
9.29104e-01
2.43423e-01
1.01719e-02
3.89529e-01
5.55504e-01
1.08582e+00
8.00234e-01
-1.30190e+00
-2.00120e+00
-6.90185e-02
6.30836e-01
1.44638e+00
1.48097e+00
-2.14454e-01
-6.56897e-01
-1.06513e+00
5.25298e-02
3.20932e-01
1.15738e+00
1.54058e+00
6.73127e-01
2.69596e-01
3.55570e-01
-3.25326e-01
7.44500e-01
5.12071e-01
5.69245e-02
-1.23083e+00
-1.16502e+00
-7.68200e-02
-8.27978e-01
7.41655e-01
1.35102e+00
7.49889e-01
-3.32341e-01
-1.26877e-01
-3.24817e-01
-1.17278e+00
6.37609e-01
6.55543e-01
6.48596e-01
1.39726e-01
-5.26647e-01
3.41569e-01
-6.63868e-01
-6.65481e-01
-1.70308e-01
5.01888e-01
1.20814e+00
3.82485e-02
6.03374e-01
4.18715e-01
9.81540e-02
1.13010e+00
-9.42818e-01
-1.30287e+00
8.56637e-01
9.78359e-02
-9.83499e-01
-1.87941e-01
1.47027e+00
1.53934e+00
6.92763e-01
1.43729e+00
1.16016e+00
2.00187e-01
1.38161e-01
7.93737e-01
1.11761e+00
4.72435e-01
6.58550e-01
4.29090e-01
2.19675e-01
-4.83872e-01
8.93377e-02
-1.19373e+00
-2.52287e-01
3.66552e-01
1.47015e+00
1.02972e+00
-3.28145e-01
-3.63449e-01
-1.03224e+00
2.40114e-01
1.78270e-01
4.09565e-01
3.52652e-01
3.44556e-01
9.23804e-01
1.02466e+00
5.65084e-01
7.86059e-02
1.80550e-01
7.84515e-01
7.86392e-02
2.77402e-01
-2.21051e-01
-1.06968e+00
2.57690e-01
1.68408e+00
1.33863e+00
-3.16991e-01
6.20854e-01
1.02023e+00
1.38705e+00
1.54149e+00
-7.17463e-01
-8.27940e-01
2.36298e-01
1.33593e+00
1.14698e+00
-2.02307e-02
9.55801e-01
7.61377e-01
1.31527e+00
2.44596e+00
1.20855e+00
-5.09510e-01
-1.86856e+00
-3.61286e-01
-6.50537e-02
7.95475e-01
7.69452e-01
-1.52087e+00
-1.00553e+00
3.02995e-01
-3.16177e-01
3.81609e-01
3.76258e-01
5.40332e-01
1.55004e-01
7.13963e-01
-2.25304e-01
-1.19763e+00
5.79140e-01
-6.46500e-01
3.96572e-01
1.26842e-01
4.97966e-01
1.32653e+00
-1.48121e-01
-5.34705e-01
-1.35025e+00
-1.07633e+00
-8.49901e-01
2.31411e-01
1.50037e+00
1.69411e+00
-4.22477e-01
1.48952e+00
1.22879e+00
1.85732e-01
-1.08081e+00
2.95654e-01
1.89705e+00
2.52390e+00
2.35080e+00
-1.09603e+00
-8.42758e-01
1.23112e+00
9.22624e-01
1.48009e+00
7.31634e-01
-1.29858e+00
-2.78416e-01
-5.09364e-01
-4.04725e-01
-1.63287e-02
4.64568e-01
-2.14770e-01
4.91550e-01
3.07263e+00
8.24096e-01
-1.14549e-01
1.50835e-01
-1.01381e+00
-9.74679e-01
2.13821e-01
8.18170e-01
9.16439e-01
1.11119e+00
5.85559e-01
-4.07836e-03
6.17925e-02
5.12939e-01
5.13691e-01
6.77533e-02
4.41790e-01
