-1.07543e+00
6.34614e-01
7.69968e-01
-1.21336e+00
-3.04297e-01
1.40628e-01
-9.51387e-01
-1.85645e+00
-7.85081e-01
-1.86517e-02
1.02280e+00
2.97604e-01
7.45005e-01
7.56867e-01
1.50405e-01
1.01124e+00
1.90546e+00
1.42347e+00
7.46240e-01
-7.13057e-01
-1.06848e+00
-1.89674e-01
-5.07546e-01
-1.34166e+00
-8.79239e-01
-1.20435e+00
-7.65697e-01
-1.43088e+00
-1.87658e+00
-1.36749e+00
-1.98824e+00
-8.20244e-01
-9.04289e-02
1.29940e-01
6.71494e-01
7.22177e-01
1.03028e+00
4.26927e-01
-9.40371e-01
-1.87512e+00
-1.53019e+00
7.77782e-01
1.29551e+00
5.34989e-01
3.52142e-01
2.80326e-01
-2.24549e-01
-8.47331e-01
-2.31855e+00
-2.35714e+00
2.68285e-01
1.75845e+00
-4.31115e-02
-9.11110e-01
1.01059e+00
7.05260e-01
-6.45557e-01
-3.06396e-01
-8.61727e-01
7.61160e-02
-4.98211e-01
-1.01612e+00
-1.35820e+00
-4.31734e-01
-7.85816e-01
-6.82191e-01
-1.28389e+00
3.22146e-01
1.33974e+00
8.20602e-01
-8.38161e-01
-5.87605e-01
1.09962e+00
1.89465e+00
9.84701e-01
2.48355e-01
-9.27241e-01
-2.00556e+00
-1.24576e+00
3.21992e-01
3.89121e-01
-3.68624e-01
6.70793e-01
6.37423e-01
7.02199e-01
6.49671e-01
5.23794e-01
-4.90530e-01
-1.12722e+00
-2.36176e+00
-1.39667e+00
9.90661e-01
3.83907e-01
2.28257e-02
6.67565e-01
1.75890e+00
1.06053e+00
5.94861e-01
1.78761e-01
-1.24000e+00
-1.68811e+00
-1.53987e+00
-8.92675e-01
1.09679e+00
1.83358e+00
-6.22279e-01
4.40155e-01
1.63014e+00
8.05717e-01
7.93582e-01
-1.07336e+00
-1.05710e+00
6.79463e-01
7.29148e-01
-5.17400e-03
-8.40739e-02
-1.09175e+00
-2.80130e-01
5.84128e-01
9.21010e-01
4.52110e-01
1.23816e-01
8.85087e-01
1.04353e+00
3.22450e-01
-1.94163e+00
-8.07161e-01
6.17871e-01
1.69113e+00
4.70729e-01
-3.22584e-01
1.50153e-01
1.70130e-02
-6.72090e-01
4.66119e-01
-7.83417e-01
-3.23086e-01
-2.46400e-03
-1.86195e-01
7.87246e-01
1.38536e+00
-1.55340e+00
-2.89082e+00
1.16464e-01
5.86466e-01
-1.77493e+00
-6.77757e-02
-5.33420e-01
-1.65386e+00
-1.04722e+00
-1.96319e-01
5.12556e-01
6.78401e-01
5.15571e-01
1.53438e-01
-5.55314e-01
-7.22216e-01
-5.55591e-01
-9.49341e-01
-1.21524e+00
-8.27184e-01
-1.16368e+00
-3.56330e-01
3.94146e-01
1.06531e+00
7.00483e-01
-1.04222e+00
-1.00363e+00
-6.60576e-01
3.05810e-02
6.08143e-01
-2.60854e-01
-9.14200e-03
3.36060e-01
1.46527e+00
1.29271e+00
1.70132e+00
1.50100e+00
2.83535e-01
5.24566e-02
-1.58255e-01
-4.60007e-01
-9.34709e-01
-5.32887e-01
7.63661e-01
1.92802e+00
5.47793e-02
-7.03891e-01
-9.62243e-01
-1.47934e+00
2.40631e-01
2.27600e+00
2.78105e+00
7.91444e-01
-6.51311e-01
-2.11150e-01
2.19575e-01
-1.38899e-01
-6.18934e-01
-1.42146e+00
-5.37329e-01
-7.64473e-01
-9.90101e-01
-9.55610e-01
-2.16912e-01
4.20057e-01
1.08172e+00
-2.63200e-01
7.95100e-03
2.99297e-01
6.78258e-03
2.11685e-01
1.61336e+00
1.85323e+00
1.29994e+00
-7.43967e-01
1.09237e-01
7.63144e-01
2.08256e-01
3.81073e-01
9.91113e-02
-1.39196e+00
-3.58665e-01
8.29300e-01
1.93984e+00
1.21954e+00
-3.53714e-02
-6.20047e-01
-3.35637e-01
3.66136e-01
1.14910e+00
9.64674e-01
-2.87330e-01
-5.05149e-01
2.10583e-01
7.38431e-02
2.69240e-01
5.42122e-01
-1.35489e+00
-1.68280e+00
1.79770e-02
1.15927e+00
1.20692e+00
-4.68589e-01
-4.96307e-01
-7.61184e-01
-1.46695e+00
-1.45075e+00
-2.46068e+00
-1.87898e+00
-6.91444e-01
-5.35160e-01
9.44196e-02
7.98752e-01
6.19873e-01
1.72011e+00
1.52166e+00
1.26315e+00
1.10933e+00
4.02413e-02
-1.58507e+00
-2.54299e+00
-3.30886e-01
-1.98980e+00
-1.98937e+00
-1.54382e+00
1.18437e+00
1.53373e+00
-1.29557e-02
-1.26444e+00
-2.33139e+00
-4.35111e-01
5.36846e-01
8.43898e-01
5.28626e-01
-4.40826e-01
-2.06888e-01
-4.91802e-01
-1.07334e-01
1.22816e-01
-9.01648e-01
-1.70469e+00
-3.74443e-01
1.45775e+00
1.92416e+00
1.95207e+00
1.00036e+00
-9.52087e-01
-2.17575e+00
-9.09971e-01
9.36322e-02
-1.13403e-01
-7.17321e-01
6.49047e-02
4.64135e-01
4.62216e-02
-4.74438e-01
-9.68951e-01
-1.69776e-01
1.10553e+00
1.15821e+00
2.10049e-01
-5.08657e-02
7.54520e-01
7.84829e-01
2.65918e-02
1.21175e-01
-5.21942e-01
-5.43379e-01
-2.45475e-01
3.29629e-01
-2.22874e-01
-9.77562e-01
2.40431e-01
2.09651e+00
1.16427e+00
7.16220e-03
-6.57602e-01
-1.54066e+00
-5.03953e-01
2.23389e-02
-8.67777e-01
-2.08904e+00
-2.15531e+00
3.43424e-01
1.20711e+00
7.08920e-01
6.06649e-01
4.38248e-01
2.04230e-02
7.30802e-01
1.58557e+00
2.17884e+00
-5.33809e-01
-1.97016e+00
-2.16323e+00
-2.50528e-01
1.00079e+00
1.92647e+00
2.11467e+00
-6.72966e-02
-7.07876e-01
-6.40781e-02
-9.34568e-02
3.60270e-01
1.26746e+00
8.89743e-01
6.51428e-01
9.04674e-01
9.67842e-02
8.06329e-01
1.20308e+00
1.68163e+00
-3.80071e-01
-5.73742e-01
-1.86458e+00
-1.89634e+00
-4.49383e-01
1.17413e+00
9.74002e-01
5.31618e-02
8.39612e-01
-5.90319e-01
-1.72785e+00
-5.51776e-01
-2.84557e-01
9.67709e-01
1.96412e+00
1.95330e-01
8.14979e-01
2.01539e-02
-4.41203e-01
-6.92353e-01
1.60085e-01
7.90672e-01
4.05281e-01
4.87574e-01
7.31953e-01
1.78523e+00
2.17217e+00
3.28893e-01
-6.44275e-01
8.11997e-01
-1.51346e-01
-1.77515e+00
-1.33791e+00
2.03103e-01
-1.99815e-01
-1.64242e-01
1.01042e+00
9.55490e-01
6.27853e-01
3.32590e-01
1.00377e+00
-3.19352e-01
-1.51151e-01
2.93458e-01
4.42509e-01
-5.60261e-01
-1.64006e-01
-3.93677e-01
-8.02294e-01
-7.74992e-01
-3.77897e-01
1.79358e+00
2.18445e+00
1.95425e+00
2.95498e-01
-7.20327e-01
-5.14133e-01
-1.49395e-01
-2.56229e-01
-1.11879e+00
-1.16493e+00
7.02576e-02
3.96267e-01
3.05765e-01
-3.41890e-02
9.60807e-01
2.13003e+00
4.46901e-01
2.22914e-02
-1.66504e-01
-1.43927e+00
-8.81230e-01
1.25627e+00
8.04007e-01
-8.33376e-01
-8.33275e-01
5.34099e-01
2.02122e+00
1.15463e+00
8.18909e-01
4.02825e-03
-1.44945e+00
-8.05798e-01
-8.27523e-01
-5.77774e-01
-7.54560e-03
-4.03110e-01
2.75304e-01
2.19903e+00
2.25021e+00
1.24581e+00
-1.18496e+00
-7.82582e-01
-7.36167e-01
8.57289e-01
1.33096e+00
-8.69423e-01
-7.75813e-01
-1.33567e-01
-2.45725e-01
6.07079e-01
5.88284e-01
-4.51740e-01
2.26382e-01
3.36576e-01
-1.32986e+00
-1.18665e+00
-1.04633e-01
2.14730e-01
3.22261e-01
-6.71975e-01
4.16799e-01
1.30033e+00
1.65294e+00
6.95666e-01
-9.36182e-01
-1.63192e+00
-1.48729e+00
-4.42941e-01
2.31558e+00
-5.67059e-01
-6.96579e-01
5.74504e-01
1.26228e+00
-1.59610e-03
-1.61409e+00
-7.93242e-01
4.31922e-01
1.31342e+00
1.47355e+00
-1.07104e-01
-3.82526e-01
1.56427e+00
1.20964e+00
2.09070e+00
8.11660e-01
-2.11474e-01
-1.12886e-01
-6.59037e-01
-1.00386e+00
2.95330e-01
1.13033e+00
-3.37288e-01
6.14582e-01
2.40516e+00
9.17584e-01
7.85489e-01
4.92791e-01
-9.31740e-01
-9.57658e-01
-4.31995e-01
-1.06782e-02
6.12348e-01
6.41080e-01
-6.71301e-02
-7.92886e-01
-1.17270e+00
-1.43463e-01
1.74701e+00
1.25224e+00
